The number of jobs:
40
The number of machines:
6
The number of vehicles:
2
The number of customers:
10

The processing time of each order processed on different machines:
(where rows denote machines: 1 to 6 and columns denote orders: 1 to 
40)
21,31,45,50,26,42,50,50,22,22,34,40,23,20,25,46,25,30,32,40,33,38,26,31,32,35,45,22,26,43,47,47,49,44,47,24,50,33,24,24
37,25,29,42,49,39,26,24,21,30,25,20,40,35,45,21,30,32,29,37,34,43,41,42,34,34,35,31,48,40,46,39,24,23,29,30,42,43,34,42
45,49,39,21,23,43,29,47,45,26,47,27,45,48,25,31,40,34,23,41,28,40,45,38,22,37,49,30,45,22,37,49,35,30,35,36,48,27,40,38
27,25,21,36,40,30,25,25,21,27,37,32,25,31,38,49,50,22,27,28,45,50,20,34,34,24,31,35,44,41,20,24,39,32,22,46,30,46,30,41
40,37,48,38,32,36,47,34,33,38,22,21,29,43,43,22,29,26,20,40,41,44,46,40,41,45,20,47,33,45,45,47,28,22,20,48,42,45,24,41
41,31,37,31,39,41,31,31,30,43,23,40,48,44,26,37,38,36,30,24,28,40,36,29,46,32,26,22,23,28,45,40,49,49,33,35,21,46,29,35

The processing power of each machine:
(where rows denote machines: 1 to 6 and columns denote speed level: 1 to 
5)
3,4,5,6,8
1,2,3,4,8
1,3,6,7,10
2,4,8,12,16
1,4,5,8,10
2,4,8,10,12

The distance between each location:
(where rows and columns denote locations: 0 to 10)
0,44,110,95,38,133,88,69,70,110,68
44,0,95,84,70,164,132,27,27,95,109
110,95,0,178,148,142,172,105,106,2,171
95,84,178,0,79,227,158,77,76,179,119
38,70,148,79,0,153,81,88,88,148,45
133,164,142,227,153,0,101,191,191,140,135
88,132,172,158,81,101,0,157,157,171,42
69,27,105,77,88,191,157,0,1,106,131
70,27,106,76,88,191,157,1,0,107,131
110,95,2,179,148,140,171,106,107,0,171
68,109,171,119,45,135,42,131,131,171,0

The weight of each order:
16,16,13,17,18,20,15,15,17,10,11,14,13,19,15,16,12,18,12,17,16,15,18,20,19,17,18,17,17,13,15,14,10,18,10,11,18,19,12,11

The earliness and tardiness  penalty factors:
(where row 1 and 2 denote unit earliness and tardiness  penalty cost of orders respectively.)
7,4,8,1,2,8,4,5,1,5,2,4,4,8,5,7,10,2,5,9,1,7,9,9,4,2,6,8,3,9,8,5,6,2,10,1,10,2,8,5
20,14,12,17,18,19,13,10,14,20,17,15,15,13,11,17,15,20,16,19,19,13,18,14,19,12,16,11,11,14,17,14,13,20,17,12,17,12,14,19

The delivery time window of orders:
324,514,625,414,591,366,579,374,333,404,567,618,419,328,544,638,403,443,567,447,438,578,567,344,416,596,329,565,531,525,389,571,430,643,380,504,362,508,544,365
813,838,691,941,846,886,896,790,664,751,654,826,744,788,810,931,680,872,700,734,876,697,869,715,820,967,732,960,876,891,755,774,922,678,779,900,813,694,697,747

the loading and unloading time of each order:
4,4,3,4,5,5,4,4,4,3,3,4,3,5,4,4,3,5,3,4,4,4,5,5,5,4,5,4,4,3,4,4,3,5,3,3,5,5,3,3

The optional processing speed set of each order:
(where rows denote orders: 1 to 40)
2
1,3
2,5
4
5
1,2,5
1,2,3
2
2,3,4,5
2,4
1
1,3,4,5
3
1,2,3,4,5
1,2,4
1,2,4,5
1,2,3,5
1,2,3
1,2,3,4,5
2,4
2,3,5
1,2
1,4
1,4,5
2,3,4,5
4
1,3,4
1,2
2
2,5
3,5
1,2,3,4,5
3,5
1,2,3,4,5
1,2,3,5
2,3,4,5
1,3,4,5
1,2,3,4,5
1,2,3
3,5

The customer order set:
(where rows denote customers: 1 to 10)
38,4
25,20,35,16,33
15,24
19,30,10
27
23,39,32,13,18,3,26,28
21,11,8,14,17
31,36,12
5,9,22,29
37,6,34,2,7,1,40

