The number of jobs:
60
The number of machines:
7
The number of vehicles:
5
The number of customers:
16

The processing time of each order processed on different machines:
(where rows denote machines: 1 to 7 and columns denote orders: 1 to 
60)
26,28,49,31,26,44,32,28,33,40,25,47,42,24,22,23,50,39,28,27,43,30,42,43,50,29,34,26,44,31,27,33,20,45,47,49,32,31,47,50,25,48,50,44,45,37,40,38,45,48,45,47,49,31,38,26,38,25,41,42
37,22,21,34,28,46,40,49,42,29,50,36,36,45,33,50,24,38,37,28,47,36,30,28,23,37,50,21,43,29,21,35,50,38,45,32,46,24,37,49,47,28,31,34,30,31,29,22,33,37,44,35,26,32,34,30,34,22,44,26
24,31,37,29,34,36,21,23,25,38,50,46,29,25,48,28,40,28,24,22,33,29,27,48,25,35,38,33,28,30,26,27,31,44,36,24,39,43,34,39,46,25,39,37,24,44,32,46,47,37,41,50,28,42,32,41,42,20,38,33
38,28,44,22,38,34,34,47,43,21,39,44,22,49,44,27,31,46,43,30,44,38,23,42,20,48,27,40,39,39,25,50,41,28,25,35,48,45,41,46,43,40,30,34,21,27,42,22,37,49,49,31,24,22,45,41,34,37,48,48
23,22,28,36,30,39,47,20,49,46,22,47,35,48,26,42,40,41,21,45,30,21,22,39,32,49,50,30,22,43,32,20,45,29,33,24,24,38,37,25,41,26,27,31,45,45,32,34,34,23,42,36,42,28,28,39,46,34,25,43
36,33,22,38,40,43,45,35,29,42,23,26,48,36,27,32,32,26,39,28,41,29,44,45,32,39,26,27,38,36,37,26,26,36,27,38,22,39,24,34,28,27,46,38,37,26,46,38,44,25,23,36,45,36,43,24,24,48,40,47
36,32,45,28,25,34,38,20,47,23,33,24,46,38,30,28,35,34,46,29,50,36,35,42,25,47,41,23,40,45,37,37,28,47,43,27,24,36,45,27,22,27,50,21,50,32,32,42,27,27,39,47,27,30,38,22,42,31,48,39

The processing power of each machine:
(where rows denote machines: 1 to 7 and columns denote speed level: 1 to 
5)
1,2,6,7,8
1,2,6,8,9
3,4,6,8,9
4,6,9,13,16
2,4,5,8,9
1,2,4,6,8
2,3,5,9,10

The distance between each location:
(where rows and columns denote locations: 0 to 16)
0,117,80,89,94,105,105,25,112,102,81,74,62,56,122,89,127
117,0,44,128,171,188,189,139,23,157,151,191,178,162,137,159,157
80,44,0,119,153,168,169,99,53,146,134,152,138,132,101,142,119
89,128,119,0,51,68,69,108,109,29,33,135,130,79,201,38,211
94,171,153,51,0,17,18,103,155,30,20,109,109,53,216,13,221
105,188,168,68,17,0,1,110,171,44,37,108,111,57,227,30,230
105,189,169,69,18,1,0,110,173,45,38,108,110,57,227,31,230
25,139,99,108,103,110,110,0,136,117,94,52,39,55,120,101,120
112,23,53,109,155,171,173,136,0,138,135,187,175,152,153,142,171
102,157,146,29,30,44,45,117,138,0,24,133,131,75,221,20,229
81,151,134,33,20,37,38,94,135,24,0,110,108,52,202,9,209
74,191,152,135,109,108,108,52,187,133,110,0,14,58,156,113,150
62,178,138,130,109,111,110,39,175,131,108,14,0,57,143,112,138
56,162,132,79,53,57,57,55,152,75,52,58,57,0,174,56,175
122,137,101,201,216,227,227,120,153,221,202,156,143,174,0,210,22
89,159,142,38,13,30,31,101,142,20,9,113,112,56,210,0,216
127,157,119,211,221,230,230,120,171,229,209,150,138,175,22,216,0

The weight of each order:
15,17,10,10,11,16,15,11,11,11,14,13,14,19,14,10,17,20,15,11,18,13,14,11,11,15,19,14,20,20,20,15,10,19,10,18,12,19,15,13,17,19,17,16,15,10,17,11,19,15,17,18,16,16,14,13,12,18,17,15

The earliness and tardiness  penalty factors:
(where row 1 and 2 denote unit earliness and tardiness  penalty cost of orders respectively.)
10,2,8,2,1,4,5,2,3,8,4,4,1,10,7,8,7,9,9,4,8,4,3,3,9,6,5,5,9,8,6,4,2,1,2,8,1,9,2,4,1,9,1,8,3,1,3,7,3,2,1,6,9,2,8,2,2,2,9,5
19,13,12,12,20,19,16,10,15,20,17,19,11,14,10,20,20,18,16,18,17,13,13,11,17,11,13,14,16,11,18,11,18,19,20,13,20,20,18,17,18,17,20,11,11,19,12,19,19,10,14,10,12,14,20,11,18,15,16,11

The delivery time window of orders:
740,796,777,548,559,486,458,467,772,698,725,691,616,504,461,557,529,507,603,751,576,500,723,772,836,763,653,424,468,438,449,491,702,775,721,674,821,738,542,629,552,477,823,741,447,608,756,805,780,483,727,508,832,798,435,752,687,656,797,646
1130,1243,1149,984,972,928,1085,1182,1106,1022,993,1227,906,978,926,1197,1037,1245,847,896,1226,923,1026,979,1160,923,1144,933,1107,1074,887,1114,1233,1057,1035,911,1131,1003,1082,935,1065,919,987,1255,1015,1129,893,1054,1159,957,920,1239,1186,984,1210,1152,901,933,955,1258

the loading and unloading time of each order:
4,4,3,3,3,4,4,3,3,3,4,3,4,5,4,3,4,5,4,3,5,3,4,3,3,4,5,4,5,5,5,4,3,5,3,5,3,5,4,3,4,5,4,4,4,3,4,3,5,4,4,5,4,4,4,3,3,5,4,4

The optional processing speed set of each order:
(where rows denote orders: 1 to 60)
1,2,4,5
1,2,3,4,5
1,2,3,4,5
1,3,4,5
1,2,3,4,5
1,2,3,4,5
1,2
1,2
2,4,5
1,2,3,4,5
1,2
1,2,3,4
1,3
1,2,3,5
1,2,3,4,5
5
1,3
1,2,3,4,5
2,3,4,5
2
1,4
3,4,5
1,2,3,4,5
1,2,4,5
2,3,4,5
4,5
4
1,2,3,4,5
1,3
2
3,5
1,2,3,4,5
2,3,4,5
1,2,3,4
2,3,4,5
2,4
1,4
2
2,5
1,2,5
1,2,5
1,3,4
5
2,4
1,2,3,4
1,3,4,5
1,2,3,4
1,2,3,4
3
2
2
2,4,5
4
3
1,2,3,4,5
1,3
1,2,5
2,4,5
1,3
2,4

The customer order set:
(where rows denote customers: 1 to 16)
22
13
33,2,35,47
60,19,42,55,48
10
26,52
7,36,43,38,49,18
8,59,27
56,53,58,37,16,31,25
40,32,5,4,28,21,9
51,24,46,29,39,50
1,3,41,17
11,57,54,12
14
30
20,44,45,15,23,34,6

