The number of jobs:
60
The number of machines:
8
The number of vehicles:
6
The number of customers:
16

The processing time of each order processed on different machines:
(where rows denote machines: 1 to 8 and columns denote orders: 1 to 
60)
21,46,29,24,22,50,22,50,23,28,38,28,29,45,39,25,37,45,24,44,40,32,34,38,47,36,23,20,33,47,47,21,43,45,43,32,26,31,30,49,21,45,34,24,42,43,50,50,20,43,25,29,38,27,35,27,42,33,34,29
32,20,45,29,28,37,43,49,44,23,36,49,39,45,32,30,26,49,46,33,25,38,34,32,35,38,40,29,35,48,24,43,38,31,34,38,33,20,36,44,37,32,41,40,40,22,24,37,44,21,30,42,42,27,37,45,23,47,46,38
44,41,44,38,25,42,26,38,46,26,34,46,27,49,30,22,46,44,37,24,42,39,44,39,45,21,44,45,31,24,20,23,29,50,46,21,31,25,43,20,44,48,45,22,43,34,28,33,33,34,38,37,30,32,49,44,50,20,21,35
44,26,29,50,29,21,30,31,38,25,21,23,41,33,42,39,39,24,30,48,22,28,49,36,39,31,23,38,33,43,20,50,29,24,49,35,50,46,50,40,33,27,26,49,38,40,41,40,50,28,22,38,27,47,24,47,20,35,35,47
30,47,25,26,24,34,47,24,50,43,49,21,35,26,28,45,22,21,25,40,39,35,42,40,43,42,22,49,26,42,46,26,29,29,21,46,22,28,21,47,26,48,47,50,46,42,32,20,37,45,22,22,43,38,20,31,21,25,20,46
50,32,40,42,47,29,42,26,32,25,46,33,45,31,50,30,22,35,45,42,26,49,45,28,36,38,26,38,46,34,37,41,29,48,46,38,22,39,23,33,41,25,45,44,39,48,47,46,21,49,35,28,33,43,23,37,49,37,34,31
34,43,48,36,29,35,48,44,43,44,44,36,30,21,22,24,47,35,29,40,41,20,50,26,26,24,48,25,37,35,47,47,48,22,44,20,47,46,25,32,21,22,36,42,26,36,41,48,47,39,46,34,29,26,41,41,20,40,47,48
43,27,50,29,36,50,27,30,21,44,36,26,49,25,43,47,32,46,35,28,46,26,48,22,48,38,29,35,49,48,40,22,49,29,30,32,32,47,30,36,24,48,42,46,50,24,47,48,28,37,34,49,20,46,20,35,24,30,32,45

The processing power of each machine:
(where rows denote machines: 1 to 8 and columns denote speed level: 1 to 
5)
3,4,5,6,7
2,3,4,5,8
2,4,5,6,10
3,4,5,9,10
3,4,8,12,14
2,3,4,5,6
3,4,5,7,9
2,5,6,8,9

The distance between each location:
(where rows and columns denote locations: 0 to 16)
0,97,99,89,54,44,49,98,99,69,74,105,69,43,102,126,31
97,0,194,126,69,132,82,168,52,104,55,43,36,140,69,223,129
99,194,0,156,150,64,122,125,197,148,171,191,161,59,177,55,68
89,126,156,0,60,126,131,54,86,23,71,158,121,102,169,150,101
54,69,150,60,0,98,79,99,48,37,22,98,61,91,110,165,82
44,132,64,126,98,0,58,120,142,110,118,127,98,34,114,106,27
49,82,122,131,79,58,0,147,109,109,90,69,46,81,57,162,68
98,168,125,54,99,120,147,0,137,67,117,192,154,87,197,105,93
99,52,197,86,48,142,109,137,0,70,25,94,71,138,116,212,129
69,104,148,23,37,110,109,67,70,0,51,135,98,91,146,150,87
74,55,171,71,22,118,90,117,25,51,0,91,59,113,108,188,103
105,43,191,158,98,127,69,192,94,135,91,0,39,145,29,229,132
69,36,161,121,61,98,46,154,71,98,59,39,0,111,49,194,98
43,140,59,102,91,34,81,87,138,91,113,145,111,0,138,83,13
102,69,177,169,110,114,57,197,116,146,108,29,49,138,0,219,125
126,223,55,150,165,106,162,105,212,150,188,229,194,83,219,0,96
31,129,68,101,82,27,68,93,129,87,103,132,98,13,125,96,0

The weight of each order:
19,12,10,10,13,14,18,20,18,16,18,15,15,13,14,19,12,15,16,13,11,14,12,16,12,11,15,12,15,11,14,20,17,15,11,14,10,17,15,11,14,18,14,19,20,15,14,12,16,14,10,13,12,14,15,18,14,20,13,13

The earliness and tardiness  penalty factors:
(where row 1 and 2 denote unit earliness and tardiness  penalty cost of orders respectively.)
6,7,5,8,8,4,4,7,5,10,1,2,7,3,6,10,5,8,5,8,2,5,4,1,5,3,1,2,7,6,9,3,10,6,1,2,8,7,8,1,5,9,5,6,7,7,5,6,5,3,2,5,7,7,10,1,8,7,10,8
12,19,11,19,10,10,14,16,15,10,18,15,12,15,20,19,14,11,11,16,19,12,10,14,10,12,16,20,11,20,17,13,11,17,20,18,14,19,18,14,19,18,17,12,13,15,12,13,17,20,18,12,19,12,19,12,15,11,20,19

The delivery time window of orders:
532,639,439,721,550,436,696,446,463,438,636,608,663,533,560,642,428,417,692,606,732,488,642,720,651,605,548,673,584,469,661,428,507,368,534,732,414,444,519,671,711,473,470,518,669,545,540,492,597,388,672,539,494,454,617,715,404,625,510,395
1039,993,957,758,953,879,1091,939,911,940,739,850,828,1042,1040,746,869,916,1100,773,1082,834,875,975,794,775,1084,1026,1046,765,953,755,902,1046,806,753,1018,848,1005,773,798,742,1101,1067,868,968,865,786,1027,789,837,840,1010,778,1095,907,864,766,738,920

the loading and unloading time of each order:
5,3,3,3,3,4,5,5,5,4,5,4,4,3,4,5,3,4,4,3,3,4,3,4,3,3,4,3,4,3,4,5,4,4,3,4,3,4,4,3,4,5,4,5,5,4,4,3,4,4,3,3,3,4,4,5,4,5,3,3

The optional processing speed set of each order:
(where rows denote orders: 1 to 60)
1,2,3,5
1,2,3,5
3,4
1,2,3,4,5
1
1,3
1,2,3,5
3,4,5
1,2,3,4,5
2,4
1,3,4
1,2,3,4,5
1,2,3,4,5
2
4,5
1
3
4
2
1,2,3,4,5
1,2,5
1,2,3,4,5
1,2
1,2,5
1,4
1,2,3,4,5
2
3,4,5
2,3,4
1,2
1,3
1,2
1
1,2,3,5
1,2,3,4,5
2
1,2,3,4,5
1,2,3,4,5
2,3
1,2,3,4,5
1,2,4,5
1,3,5
1,5
2,3,4,5
2
1,2,3,4,5
1
1,2,3,4,5
3
3,4,5
1,2,3,4,5
1,2,3,4,5
2
1,2,3,4,5
1,2
4
2,4,5
4
1,2,3,4,5
2,3,4,5

The customer order set:
(where rows denote customers: 1 to 16)
7,49,54
51,30,33
11
26,5,57,13,8,38,55,9
24,60,22
4
34,39,31,53,43
20
42,12,10,15,36,37,56,21,3,48,35,32
17
29,52,45,27
6
16,41
47,58
14,59,28
2,46,25,1,40,18,44,23,19,50

