The number of jobs:
80
The number of machines:
10
The number of vehicles:
5
The number of customers:
21

The processing time of each order processed on different machines:
(where rows denote machines: 1 to 10 and columns denote orders: 1 to 
80)
30,27,34,33,27,22,35,43,36,30,48,22,21,21,29,33,28,34,49,44,43,32,46,37,41,47,47,39,36,44,46,46,28,47,24,24,33,30,25,28,25,27,38,20,37,27,32,39,22,20,25,30,45,32,37,23,24,48,40,22,47,45,42,26,37,26,21,29,32,31,47,49,34,34,34,44,31,42,49,45
48,45,33,30,23,33,27,23,43,36,27,34,46,44,36,32,20,40,20,23,47,38,36,36,43,42,47,27,50,40,21,43,45,47,22,41,33,25,40,29,26,39,21,46,38,35,45,43,50,22,21,45,44,43,28,38,23,41,42,47,34,47,42,26,39,28,40,49,38,29,31,49,37,34,45,45,21,31,43,37
29,42,34,38,39,34,33,43,43,23,35,48,38,39,36,32,21,29,38,50,28,32,37,43,34,30,45,45,29,47,21,42,34,43,41,42,46,45,21,45,22,49,32,41,31,31,36,50,28,46,21,35,45,36,48,28,27,49,40,43,23,20,43,27,25,23,44,50,27,41,27,27,36,26,32,35,20,42,38,30
32,37,40,38,34,45,32,32,49,47,37,38,48,31,38,37,49,48,40,29,38,29,44,22,24,39,36,29,43,39,39,41,46,30,48,39,40,47,47,31,50,22,29,37,28,27,26,49,44,24,35,24,36,31,29,35,50,22,25,47,50,35,43,43,39,36,31,39,45,45,40,26,34,25,35,26,37,29,30,34
21,33,20,30,37,35,20,49,33,24,22,41,40,26,41,32,49,44,44,39,37,34,48,43,42,27,29,30,46,43,34,26,20,37,37,43,39,42,37,26,48,50,29,22,42,49,36,20,42,29,30,34,43,42,39,25,37,26,48,38,38,40,45,21,47,22,48,48,28,33,37,35,40,41,48,35,29,36,46,50
25,21,25,47,39,25,40,27,38,33,39,25,37,38,29,43,24,28,45,50,26,35,46,23,33,38,48,42,49,43,22,36,46,36,22,20,37,37,35,31,38,21,35,30,24,39,50,26,36,44,24,49,45,48,37,34,22,35,25,34,47,20,24,43,37,37,47,46,41,29,23,45,22,29,45,30,27,36,36,41
33,24,48,20,44,35,22,40,40,30,36,28,50,23,23,41,30,20,27,39,42,22,30,47,36,30,36,25,40,21,28,45,37,31,26,41,29,32,26,28,45,45,33,23,49,50,28,40,28,36,24,41,49,40,26,30,30,45,46,47,30,50,43,33,46,21,22,42,49,35,22,22,26,50,39,20,43,22,43,33
48,37,30,38,50,22,35,24,43,49,22,20,47,31,43,37,30,37,25,50,26,27,30,22,24,32,38,41,32,32,42,23,25,38,23,49,29,46,22,47,23,38,41,50,25,36,29,22,32,39,32,30,28,29,45,49,32,25,46,38,31,30,31,33,38,27,40,33,39,34,42,35,49,23,49,24,22,40,48,40
49,33,28,47,45,50,49,32,50,31,22,28,50,36,28,33,29,41,36,28,45,25,44,25,26,26,41,35,23,42,24,48,44,24,38,50,20,24,25,30,32,27,22,25,20,47,21,26,32,38,34,24,41,28,27,25,43,42,30,42,22,33,29,32,22,44,31,43,43,27,44,32,25,24,32,39,34,37,33,23
25,40,44,36,25,50,23,47,20,40,35,22,31,44,32,34,45,25,33,41,26,45,48,45,22,43,31,36,49,39,36,35,37,48,32,48,25,49,30,42,46,24,24,32,39,26,41,26,28,49,35,48,43,35,34,22,50,31,28,42,47,29,45,49,24,47,37,42,37,30,48,32,23,35,30,27,49,50,31,46

The processing power of each machine:
(where rows denote machines: 1 to 10 and columns denote speed level: 1 to 
5)
1,4,7,10,12
1,2,4,5,7
3,5,6,7,8
2,4,7,9,10
1,3,4,5,7
1,2,6,8,10
3,4,5,8,9
2,4,7,9,12
1,2,5,6,7
2,3,5,6,8

The distance between each location:
(where rows and columns denote locations: 0 to 21)
0,57,13,60,115,73,100,106,77,43,54,24,11,71,59,86,92,88,66,95,88,83
57,0,70,13,169,23,157,79,115,73,30,78,67,81,72,73,51,96,114,144,141,116
13,70,0,74,102,84,88,111,77,49,68,20,10,80,68,98,105,95,62,89,80,85
60,13,74,0,175,33,160,91,109,68,20,79,69,72,63,61,39,85,111,141,140,110
115,169,102,175,0,177,53,178,137,138,170,105,109,169,160,194,207,181,112,111,94,148
73,23,84,33,177,0,172,59,137,95,52,96,83,104,94,94,65,118,134,164,160,139
100,157,88,160,53,172,0,190,93,106,149,81,90,133,127,162,185,142,69,60,43,103
106,79,111,91,178,59,190,0,181,142,109,129,116,158,147,152,124,173,172,200,191,186
77,115,77,109,137,137,93,181,0,42,91,57,69,50,50,81,116,53,25,42,52,11
43,73,49,68,138,95,106,142,42,0,51,35,39,31,22,57,81,46,45,75,77,44
54,30,68,20,170,52,149,109,91,51,0,68,61,52,44,45,37,66,95,125,125,91
24,78,20,79,105,96,81,129,57,35,68,0,13,66,56,89,105,81,43,71,64,65
11,67,10,69,109,83,90,116,69,39,61,13,0,69,58,88,98,85,56,84,77,76
71,81,80,72,169,104,133,158,50,31,52,66,69,0,12,32,68,17,66,91,98,45
59,72,68,63,160,94,127,147,50,22,44,56,58,12,0,36,66,29,62,89,94,48
86,73,98,61,194,94,162,152,81,57,45,89,88,32,36,0,42,34,97,123,129,76
92,51,105,39,207,65,185,124,116,81,37,105,98,68,66,42,0,75,126,155,158,113
88,96,95,85,181,118,142,173,53,46,66,81,85,17,29,34,75,0,74,95,104,45
66,114,62,111,112,134,69,172,25,45,95,43,56,66,62,97,126,74,0,30,32,36
95,144,89,141,111,164,60,200,42,75,125,71,84,91,89,123,155,95,30,0,18,50
88,141,80,140,94,160,43,191,52,77,125,64,77,98,94,129,158,104,32,18,0,62
83,116,85,110,148,139,103,186,11,44,91,65,76,45,48,76,113,45,36,50,62,0

The weight of each order:
20,18,11,12,13,17,15,20,13,18,18,20,14,18,13,18,16,13,16,20,14,10,16,11,13,19,12,15,18,19,11,18,19,18,16,16,15,10,18,14,14,12,10,14,18,15,13,10,16,18,15,18,16,20,10,20,12,20,15,13,16,18,12,14,16,10,10,18,19,15,10,19,16,16,13,10,15,18,10,12

The earliness and tardiness  penalty factors:
(where row 1 and 2 denote unit earliness and tardiness  penalty cost of orders respectively.)
7,7,9,3,2,4,6,9,8,10,4,9,1,1,1,4,5,2,10,9,1,8,3,8,3,6,2,1,2,7,9,5,3,5,7,6,8,3,7,7,2,9,3,10,4,2,7,2,5,6,8,7,9,7,7,6,3,9,1,5,4,4,7,4,6,2,6,2,5,5,10,10,8,3,8,9,3,8,5,3
13,18,14,19,14,15,15,11,14,15,14,20,13,18,12,14,17,15,18,15,18,11,10,12,17,14,12,14,10,18,18,10,19,15,12,14,11,18,20,13,11,12,16,17,12,15,13,15,12,15,19,10,14,18,13,12,19,15,17,13,12,13,18,17,10,12,11,16,15,10,20,10,16,16,18,12,12,19,15,12

The delivery time window of orders:
749,757,845,461,536,836,713,709,691,571,826,520,514,685,547,551,536,530,463,870,455,756,572,595,802,626,785,690,580,678,726,823,609,575,513,759,541,715,476,592,480,608,485,485,669,459,498,580,701,531,533,722,751,702,790,552,589,779,525,720,483,640,621,711,867,703,785,484,788,748,814,786,907,902,620,507,597,800,565,886
1354,1315,1115,1316,1304,1315,1300,1071,1156,1152,988,996,1019,1151,1267,1308,1333,1025,1299,924,1086,1266,1316,1179,1193,1079,989,1245,1261,1160,1293,1160,1266,1026,1235,1145,1218,1123,1203,1141,1226,1184,942,1296,1096,1020,981,1268,1138,1030,1045,1306,1091,1309,1028,1111,1020,935,1036,1343,1058,1286,1007,1158,1200,1001,1311,1063,1275,926,1202,929,1308,923,950,1210,1214,1353,934,1187

the loading and unloading time of each order:
5,5,3,3,3,4,4,5,3,5,5,5,4,5,3,5,4,3,4,5,4,3,4,3,3,5,3,4,5,5,3,5,5,5,4,4,4,3,5,4,4,3,3,4,5,4,3,3,4,5,4,5,4,5,3,5,3,5,4,3,4,5,3,4,4,3,3,5,5,4,3,5,4,4,3,3,4,5,3,3

The optional processing speed set of each order:
(where rows denote orders: 1 to 80)
1,2,3,4,5
1,3
1,3,4,5
1,2
1,3,4
4,5
1,2,4
2,4,5
1,2,4,5
1
2,3
1,2
1,2,4,5
1,2,3,4,5
4,5
3,5
1,2,5
1,2,3,4,5
1,2,3,4,5
1,2
1,2,3,4
1,2,3,4,5
1,2,3,4,5
4,5
1,4
1,2,4,5
5
1,4
1,3,5
1,2,4
2,3,4
1,2,3,4
4
1,5
1,2
4
2,4
1,3,4,5
3
1,2,3,5
1,4
2,5
1,2,3,5
1
1,2,3,4,5
1,2,3,4
1,3,5
1
1,2,5
1,3
1,2
1,2,3,4,5
1,2,3,4,5
3,4
3,4
2,4
2,3,4,5
1,2,4
2,3,5
2,3,5
5
1,2,4
2,3,5
1,3,4
3
1,3,4,5
1,3,4,5
1,2,3,4,5
1,4,5
2,5
1,2,3,4,5
1,2,3,4,5
1,2,3,5
2,5
3
1,2,3,5
4
2,3,4,5
1,2,5
1,3,4

The customer order set:
(where rows denote customers: 1 to 21)
13,41,1,3
74,49
14
57
21,25
63
40,2
70,27,60,46
33,43,29,38,12,67,73,54
58
6,75
56,28,10,59,37,66,48,64,71
39,16
35,76,36,78,32
18,42,44
20,62,19,11,8,45,26,9,53,52
15
72,30,77,4,23
69,24,65
68,7,17
61,80,22,79,50,31,47,55,5,51,34

