The number of jobs:
80
The number of machines:
9
The number of vehicles:
6
The number of customers:
21

The processing time of each order processed on different machines:
(where rows denote machines: 1 to 9 and columns denote orders: 1 to 
80)
24,33,24,23,32,31,30,42,29,29,21,25,45,50,31,42,47,20,42,41,37,39,47,44,43,21,50,26,43,50,24,24,29,24,44,36,31,28,38,38,25,45,28,30,23,27,23,42,36,22,37,40,49,22,37,48,20,43,49,45,46,20,32,40,24,49,44,32,31,29,28,38,23,43,39,46,47,40,33,33
34,32,29,45,20,46,33,26,36,25,39,29,47,31,46,37,41,28,32,37,45,22,49,25,49,50,43,33,47,43,25,46,24,22,40,40,37,42,43,22,39,24,42,28,45,42,39,48,42,41,33,43,31,25,33,42,50,27,45,39,21,46,39,29,44,40,35,50,42,23,47,35,50,34,31,34,23,41,43,32
42,46,47,27,37,40,41,49,32,43,22,38,22,41,46,45,32,30,41,27,24,28,29,46,26,20,23,27,48,31,46,20,28,31,30,23,40,39,37,40,28,24,29,23,30,35,30,49,20,43,50,41,49,38,43,40,28,39,41,25,30,50,24,44,45,47,39,49,27,33,45,27,45,28,31,33,24,29,43,21
30,42,32,45,20,43,43,30,30,37,39,20,46,20,25,23,34,31,31,35,33,30,33,41,24,48,45,28,48,38,26,40,45,27,40,23,40,30,46,37,46,47,25,33,44,29,50,23,37,34,45,38,29,35,32,25,41,47,50,30,37,21,33,50,26,33,37,26,23,40,41,35,30,49,43,42,39,33,34,22
35,26,37,27,32,44,20,31,23,49,42,21,38,44,23,24,28,43,43,41,37,37,27,37,21,36,27,26,47,49,31,22,43,21,31,26,20,41,22,30,28,44,26,42,38,45,31,24,41,34,36,37,39,47,22,42,47,20,44,28,50,44,41,48,28,43,22,29,36,48,34,25,39,36,35,30,25,20,41,33
49,46,23,38,45,34,50,46,48,28,49,33,24,32,48,32,37,24,44,49,44,34,37,47,39,43,23,25,29,45,32,35,49,20,20,26,36,46,20,46,25,22,45,29,27,32,38,48,45,36,22,45,45,36,27,38,28,27,28,42,26,32,34,33,20,49,48,31,32,35,35,40,27,34,36,39,37,36,36,30
47,43,42,33,46,21,36,34,46,47,48,34,43,25,24,42,45,50,28,32,50,24,45,40,26,40,44,38,42,46,28,39,36,48,21,49,29,34,23,35,50,42,21,43,38,43,25,49,23,25,46,30,26,32,49,26,33,20,50,35,33,27,21,48,43,40,44,25,41,27,32,23,38,25,31,36,35,49,29,22
47,39,50,39,48,48,39,34,28,47,25,28,37,50,20,20,24,32,20,20,29,27,31,43,48,27,36,31,47,46,32,40,40,42,32,37,31,42,31,42,28,27,50,43,44,26,42,39,49,36,26,43,43,21,30,37,28,38,23,30,37,30,35,36,41,25,24,42,38,24,37,28,41,40,23,30,32,47,29,36
32,42,43,21,39,50,50,32,21,29,41,39,39,23,26,43,35,29,41,45,29,44,21,40,44,22,32,39,49,48,20,29,33,46,46,38,24,27,46,42,50,40,24,44,32,32,27,33,30,41,24,32,20,43,34,32,30,32,32,50,34,27,30,39,39,24,20,28,35,43,29,32,27,42,30,41,27,41,27,38

The processing power of each machine:
(where rows denote machines: 1 to 9 and columns denote speed level: 1 to 
5)
1,2,3,4,5
1,5,6,9,10
3,5,6,7,8
1,4,5,7,9
3,4,7,10,11
4,6,10,14,16
1,2,4,6,10
1,3,4,6,10
4,5,6,7,10

The distance between each location:
(where rows and columns denote locations: 0 to 21)
0,58,9,77,113,84,75,37,104,47,85,91,131,104,74,93,5,107,131,52,91,88
58,0,49,111,67,38,104,93,158,14,30,138,91,152,97,68,55,80,109,43,85,40
9,49,0,83,104,75,79,46,112,38,75,96,122,110,77,86,6,103,128,48,85,79
77,111,83,0,178,147,9,59,138,98,141,143,200,151,21,167,82,98,107,72,168,151
113,67,104,178,0,30,171,150,193,80,40,165,27,179,164,40,109,134,161,110,70,27
84,38,75,147,30,0,141,121,171,50,17,145,54,159,134,38,80,111,140,81,64,4
75,104,79,9,171,141,0,61,142,91,134,145,194,154,12,162,79,89,98,64,164,144
37,93,46,59,150,121,61,0,86,81,121,85,167,95,66,128,41,124,143,74,121,125
104,158,112,138,193,171,142,86,0,149,178,34,200,26,150,158,106,208,229,154,135,175
47,14,38,98,80,50,91,81,149,0,43,131,103,145,84,77,44,76,105,32,90,53
85,30,75,141,40,17,134,121,178,43,0,155,66,169,126,55,81,96,124,71,80,16
91,138,96,143,165,145,145,85,34,131,155,0,169,14,151,128,91,198,221,143,103,149
131,91,122,200,27,54,194,167,200,103,66,169,0,182,188,42,126,161,188,134,67,51
104,152,110,151,179,159,154,95,26,145,169,14,182,0,161,142,104,211,233,156,116,163
74,97,77,21,164,134,12,66,150,84,126,151,188,161,0,158,78,77,87,55,162,137
93,68,86,167,40,38,162,128,158,77,55,128,42,142,158,0,88,147,175,108,30,39
5,55,6,82,109,80,79,41,106,44,81,91,126,104,78,88,0,107,132,52,86,84
107,80,103,98,134,111,89,124,208,76,96,198,161,211,77,147,107,0,29,55,165,112
131,109,128,107,161,140,98,143,229,105,124,221,188,233,87,175,132,29,0,80,194,140
52,43,48,72,110,81,64,74,154,32,71,143,134,156,55,108,52,55,80,0,120,83
91,85,85,168,70,64,164,121,135,90,80,103,67,116,162,30,86,165,194,120,0,67
88,40,79,151,27,4,144,125,175,53,16,149,51,163,137,39,84,112,140,83,67,0

The weight of each order:
15,13,12,11,15,12,10,11,19,20,19,16,19,19,18,18,15,17,13,17,13,17,12,16,14,13,17,11,17,19,15,10,13,13,17,19,13,17,15,10,13,13,20,15,11,13,13,17,14,20,14,13,17,14,11,20,19,20,16,12,10,14,17,18,11,11,11,15,15,16,14,18,20,15,13,10,18,10,11,10

The earliness and tardiness  penalty factors:
(where row 1 and 2 denote unit earliness and tardiness  penalty cost of orders respectively.)
3,2,4,6,8,6,6,1,2,6,8,1,10,7,6,10,6,9,7,5,8,7,5,4,9,2,6,5,8,10,10,3,3,4,6,4,9,6,4,4,4,10,4,7,10,3,6,3,3,7,7,2,7,6,4,8,2,9,10,2,2,4,6,5,6,5,5,3,4,9,1,6,6,5,1,9,10,10,3,3
10,11,18,18,20,17,14,14,14,13,11,19,19,13,10,15,20,11,19,19,18,18,14,16,20,15,11,12,10,12,15,17,18,19,15,14,17,18,13,19,19,14,18,14,11,15,18,14,11,14,16,18,12,14,13,16,15,14,20,11,15,17,19,20,19,15,20,16,12,18,11,17,16,11,15,18,12,16,16,14

The delivery time window of orders:
797,752,498,814,858,525,637,504,615,523,935,650,647,820,705,569,501,716,791,734,658,718,479,706,915,606,803,674,716,804,718,742,703,643,930,850,547,538,656,821,894,640,592,764,895,683,770,713,605,733,748,910,638,635,526,833,781,568,713,733,519,935,808,534,564,618,845,716,583,536,888,570,666,856,814,763,879,869,700,694
1272,1302,958,1020,1262,1100,1148,1243,946,1179,1126,1196,1272,1315,973,1371,1228,1280,1007,1233,1322,1325,965,1082,1006,944,1048,1159,957,1356,981,1238,991,1149,1193,1338,980,1215,1067,1362,1033,970,1184,1095,1360,1379,1129,1074,1079,1021,1201,1289,1292,1328,1030,1117,1370,1378,1289,1074,1232,1387,1306,1087,1199,1203,1253,1082,1122,1319,1176,1387,1298,1218,1038,1219,1199,1037,1313,1261

the loading and unloading time of each order:
4,3,3,3,4,3,3,3,5,5,5,4,5,5,5,5,4,4,3,4,3,4,3,4,4,3,4,3,4,5,4,3,3,3,4,5,3,4,4,3,3,3,5,4,3,3,3,4,4,5,4,3,4,4,3,5,5,5,4,3,3,4,4,5,3,3,3,4,4,4,4,5,5,4,3,3,5,3,3,3

The optional processing speed set of each order:
(where rows denote orders: 1 to 80)
2,4
2,4,5
1,2,3,4,5
1,2,4,5
4
1,2,3,4,5
1,2,3,4,5
1,2,3,4,5
1,2,3,4,5
1,2,3,4,5
1,2,3,5
1
1,2,3,4,5
5
1,2,4,5
1,3,4,5
1,3,4
1,3,4,5
3,5
3
1,2,4,5
1,2,3,4,5
1,3,4,5
1,2,3,5
1,2,3,4
4
2,4
3,5
1,2,3,4,5
1,4,5
1,2,3,4,5
1,2,3,4,5
1,2,4
1,2,5
1,3,5
1,2,3,4,5
1,2,3,4,5
1,2,3,4
1,2,4,5
1,3,4,5
1,5
5
1,3,4,5
3,4
1,2,4
1,3,5
1,3
1,3,4
1,3,4,5
2,4
3
3,5
4
2,3
2,4,5
4
2
2,3,4,5
1,2,4,5
2,3,4,5
3
2,3,4,5
1,3,4,5
3
4,5
3,4
1,2,4,5
2,3,4,5
1,2,4,5
2,5
1,4,5
5
3,4,5
5
1,2,3,4,5
1,3,4
1,2,4,5
1,2,3,4,5
5
1,2

The customer order set:
(where rows denote customers: 1 to 21)
29,71,21,50,78,42
16,24
5,25,75,13,46,28
60
51,12,36,37,72,43,58,4,3
1,59,63,26
76
35,11,77
53,34,47,2,64,20,65,45,80,54,56
74
18,79,67,32,22,69
14,61,62
17
38,6,49
39,23,52,55
66,73,8,27,48,44
57
31,41
40,9,15,7
68,70,19
30,10,33

