The number of jobs:
60
The number of machines:
7
The number of vehicles:
6
The number of customers:
16

The processing time of each order processed on different machines:
(where rows denote machines: 1 to 7 and columns denote orders: 1 to 
60)
20,31,21,44,44,37,35,41,49,41,39,33,40,48,37,24,26,38,24,42,35,31,21,49,21,49,25,50,23,45,41,49,35,44,43,42,28,41,48,22,37,37,45,30,20,40,27,46,46,50,45,21,47,30,22,48,46,45,28,43
25,36,46,25,50,45,36,45,31,33,42,24,36,37,36,50,26,26,25,31,35,38,47,22,45,34,22,24,26,27,27,34,21,42,46,25,50,30,20,36,30,27,22,22,35,38,43,35,37,28,44,33,46,41,36,20,42,49,27,23
21,23,50,36,38,42,36,49,31,37,23,39,31,42,42,21,47,48,46,25,29,33,32,23,28,31,50,33,28,21,20,20,23,39,21,48,32,29,35,33,21,47,50,24,41,41,48,28,34,47,26,37,32,32,25,41,41,47,25,28
33,49,42,24,48,25,29,39,21,46,47,49,30,33,44,43,43,37,44,46,36,34,33,42,43,45,48,34,50,37,30,24,36,22,37,50,49,23,33,40,45,46,43,46,43,37,38,23,30,50,35,29,37,30,40,38,32,28,24,42
34,46,21,29,22,26,23,26,49,28,24,40,32,38,24,44,44,25,27,45,47,32,38,29,42,36,41,34,31,47,40,35,45,43,50,39,24,40,42,34,27,47,41,28,41,37,48,22,24,43,39,50,42,21,38,46,32,48,40,37
45,22,25,25,35,29,31,39,24,28,28,33,48,38,39,38,20,27,20,22,41,37,37,20,39,39,38,43,24,34,21,43,43,28,37,40,23,44,20,45,38,50,26,33,34,31,32,28,33,32,38,34,21,24,34,43,20,44,28,33
25,24,36,46,46,21,34,48,28,44,22,30,27,28,35,32,23,48,32,48,31,30,39,27,33,30,34,37,29,50,37,39,20,48,39,33,22,28,27,26,24,39,25,24,34,21,43,34,41,29,23,42,43,29,46,33,47,44,38,32

The processing power of each machine:
(where rows denote machines: 1 to 7 and columns denote speed level: 1 to 
5)
1,2,3,4,6
3,4,7,9,10
3,4,5,7,8
2,4,5,8,10
1,2,6,7,9
2,4,5,6,9
1,3,4,7,9

The distance between each location:
(where rows and columns denote locations: 0 to 16)
0,104,52,52,45,98,50,46,95,109,64,86,51,107,82,51,93
104,0,100,114,86,119,103,140,182,169,60,127,67,142,150,134,95
52,100,0,14,87,143,3,95,143,161,91,134,34,156,134,103,132
52,114,14,0,92,148,11,92,138,160,100,137,47,159,133,101,139
45,86,87,92,0,56,87,59,96,87,28,51,67,72,65,49,48
98,119,143,148,56,0,143,88,98,60,64,23,122,25,57,71,24
50,103,3,11,87,143,0,93,141,159,92,134,36,155,132,101,133
46,140,95,92,59,88,93,0,48,72,86,67,97,85,46,17,95
95,182,143,138,96,98,141,48,0,50,123,75,145,82,40,48,115
109,169,161,160,87,60,159,72,50,0,109,43,151,38,27,59,83
64,60,91,100,28,64,92,86,123,109,0,68,63,85,90,77,45
86,127,134,137,51,23,134,67,75,43,68,0,118,21,35,50,41
51,67,34,47,67,122,36,97,145,151,63,118,0,139,126,99,107
107,142,156,159,72,25,155,85,82,38,85,21,139,0,44,68,49
82,150,134,133,65,57,132,46,40,27,90,35,126,44,0,32,75
51,134,103,101,49,71,101,17,48,59,77,50,99,68,32,0,79
93,95,132,139,48,24,133,95,115,83,45,41,107,49,75,79,0

The weight of each order:
17,20,14,19,11,16,13,15,18,18,13,17,14,15,11,17,13,18,13,13,14,20,12,11,17,10,16,12,15,18,14,17,12,11,12,13,11,10,17,20,12,20,10,18,18,16,17,18,12,11,14,11,18,14,11,13,16,20,17,15

The earliness and tardiness  penalty factors:
(where row 1 and 2 denote unit earliness and tardiness  penalty cost of orders respectively.)
5,1,5,4,2,8,2,6,3,9,9,6,5,7,4,10,3,10,5,6,8,2,9,5,1,6,4,7,8,10,1,7,5,10,1,9,3,3,2,4,9,1,9,4,10,10,10,2,8,3,6,2,5,5,5,9,6,5,3,5
10,12,12,10,13,15,11,20,13,14,17,17,12,15,20,12,11,19,12,10,18,19,15,16,17,19,19,12,12,11,11,19,12,17,19,13,19,16,15,16,15,18,20,18,14,13,18,10,11,14,19,18,16,11,20,15,17,20,19,13

The delivery time window of orders:
426,683,585,528,698,377,680,449,426,526,686,678,743,623,407,432,704,402,410,543,469,446,463,627,614,516,738,448,612,546,536,493,628,467,419,434,378,419,452,611,536,469,693,397,571,706,579,698,549,640,575,464,665,553,563,722,513,430,499,382
1007,1017,777,749,1007,931,834,940,901,850,986,761,874,1110,775,883,1069,923,779,1111,874,892,977,938,892,1106,842,814,789,979,1104,952,859,1078,862,925,778,1063,966,1013,838,950,876,1099,783,789,934,883,782,829,960,932,852,943,1057,875,989,1025,874,1114

the loading and unloading time of each order:
4,5,4,5,3,4,3,4,5,5,3,4,4,4,3,4,3,5,3,3,4,5,3,3,4,3,4,3,4,5,4,4,3,3,3,3,3,3,4,5,3,5,3,5,5,4,4,5,3,3,4,3,5,4,3,3,4,5,4,4

The optional processing speed set of each order:
(where rows denote orders: 1 to 60)
1,2,3,5
1,2,3,5
2,3,4,5
3,5
1,2,3,4,5
1,3,4,5
4
3,4
1,4
2,5
2,3,5
1,2,4,5
1,2,4,5
1,2,3,4,5
5
5
5
1,3,4,5
2
1,2,5
1,2,3,4,5
1,2,4,5
2,3
1,3
5
1,2,3,4
1,4
4
1,2,3,4,5
1,3,4,5
1,2,3,4,5
2
1,2,4,5
1,2,3,4,5
4
1
3
1,2,3
5
1,2,3,4,5
2,3,4
1,2,3,4,5
2,3,5
5
1,3
1,2
1,2,3,4,5
1,2
1,2,3,4,5
1,2,3,4,5
1,2
1
1,2,3,4,5
4
5
3,4
2,5
3,4
1,2,3,4,5
2

The customer order set:
(where rows denote customers: 1 to 16)
4
44,39,6,48,40
2
34,28,10
19,8
26,11,41
9,59
57,5,7,37
12,16
46,14,51,17,27,15,31,45
1,30
52,13,47,32,53,33,3,36,50,24,55,25,20
54,43,38
21,58,29
56,18,23,22
60,49,35,42

