The number of jobs:
60
The number of machines:
8
The number of vehicles:
5
The number of customers:
16

The processing time of each order processed on different machines:
(where rows denote machines: 1 to 8 and columns denote orders: 1 to 
60)
24,41,22,50,36,21,43,21,48,48,30,29,48,22,45,32,27,22,23,22,31,21,26,46,50,33,50,38,41,47,23,27,46,30,42,46,28,28,31,46,20,35,43,31,28,48,49,45,33,36,47,25,42,31,43,39,45,44,33,36
22,22,33,23,40,22,41,27,39,38,31,49,20,42,36,26,25,35,41,22,50,33,39,30,20,47,20,25,37,29,28,30,46,31,21,24,29,31,26,49,49,47,40,20,28,21,50,42,32,32,46,26,26,47,25,28,31,25,25,37
20,25,37,41,34,22,31,39,47,37,35,32,39,44,24,36,28,43,47,37,28,31,34,24,39,32,45,38,40,48,42,42,27,24,20,38,36,31,49,39,41,34,50,34,50,49,24,29,43,20,49,34,34,32,20,26,38,37,32,47
37,48,38,36,29,50,47,35,35,38,44,47,43,41,48,27,33,38,43,42,40,38,49,39,26,25,32,34,46,36,22,30,48,32,31,46,44,30,44,21,38,24,49,26,32,37,32,28,43,26,39,49,32,20,35,20,28,25,45,33
26,45,39,27,20,30,31,45,36,25,39,25,26,32,20,38,25,35,36,43,32,23,41,34,49,24,20,44,23,35,21,35,46,22,31,33,20,39,30,28,29,26,33,23,36,37,36,36,37,37,49,43,40,31,28,49,42,24,27,36
24,46,42,38,31,36,28,46,35,23,24,43,49,40,32,27,46,28,40,46,38,22,35,35,24,43,48,24,31,28,37,32,48,32,30,42,30,36,27,41,23,31,21,49,33,25,46,38,21,47,21,48,36,32,32,48,44,44,27,42
31,39,30,36,46,36,48,47,34,33,33,28,20,48,42,35,20,43,29,21,24,48,32,25,43,34,48,26,46,44,22,27,20,50,41,24,41,41,50,44,22,50,37,34,26,46,38,30,41,39,27,38,47,42,39,26,22,37,29,47
34,30,32,40,28,49,44,23,37,32,28,34,26,41,20,25,39,40,42,40,21,50,29,45,25,34,35,48,37,36,32,25,33,27,33,48,30,50,44,47,38,23,48,28,29,33,47,37,29,20,46,48,37,30,27,25,40,26,31,42

The processing power of each machine:
(where rows denote machines: 1 to 8 and columns denote speed level: 1 to 
5)
1,3,7,9,10
1,2,5,6,9
2,4,6,8,9
1,3,5,9,10
1,2,7,9,10
2,3,6,9,10
2,5,6,9,10
2,5,6,8,9

The distance between each location:
(where rows and columns denote locations: 0 to 16)
0,118,99,98,105,132,112,69,50,86,25,98,59,24,77,112,42
118,0,214,182,167,189,143,183,143,77,141,35,157,120,190,126,160
99,214,0,82,112,176,144,33,80,162,81,189,102,108,26,158,58
98,182,82,0,31,221,68,62,48,110,100,149,141,120,63,85,86
105,167,112,31,0,234,38,88,56,91,113,133,156,128,90,57,104
132,189,176,221,234,0,243,167,178,205,122,193,81,108,172,241,136
112,143,144,68,38,243,0,116,74,66,127,109,169,135,121,21,124
69,183,33,62,88,167,116,0,48,129,56,156,88,83,8,128,34
50,143,80,48,56,178,74,48,0,82,57,113,99,73,55,82,51
86,77,162,110,91,205,66,129,82,0,109,43,143,103,136,51,119
25,141,81,100,113,122,127,56,57,109,0,122,42,27,63,130,23
98,35,189,149,133,193,109,156,113,43,122,0,146,106,164,92,138
59,157,102,141,156,81,169,88,99,143,42,146,0,40,93,170,56
24,120,108,120,128,108,135,83,73,103,27,106,40,0,90,134,50
77,190,26,63,90,172,121,8,55,136,63,164,93,90,0,133,41
112,126,158,85,57,241,21,128,82,51,130,92,170,134,133,0,131
42,160,58,86,104,136,124,34,51,119,23,138,56,50,41,131,0

The weight of each order:
16,16,14,10,20,19,20,13,13,13,17,18,11,18,12,15,13,11,16,15,15,14,18,17,20,14,13,12,17,13,14,14,19,13,12,20,10,15,19,12,15,16,11,12,13,16,18,14,10,12,17,17,11,15,10,15,14,17,18,13

The earliness and tardiness  penalty factors:
(where row 1 and 2 denote unit earliness and tardiness  penalty cost of orders respectively.)
5,5,8,9,5,3,5,6,2,3,7,9,1,5,8,5,5,8,7,3,9,9,10,2,1,6,5,1,7,8,7,6,8,4,4,3,10,9,5,3,8,9,10,6,8,2,7,9,8,1,3,4,8,2,6,4,5,4,7,10
14,13,18,16,13,16,19,13,13,10,17,11,19,16,17,15,10,19,15,13,17,10,12,11,19,10,17,14,14,10,17,18,15,12,19,19,17,10,13,17,17,13,15,18,15,18,16,10,12,10,12,18,14,16,18,15,20,12,20,11

The delivery time window of orders:
425,610,558,738,652,462,620,436,386,702,436,672,407,466,443,700,521,592,632,502,721,652,512,439,572,454,544,625,739,380,690,630,675,555,673,621,581,570,419,565,489,543,722,731,599,503,676,567,465,659,731,674,653,706,598,576,442,559,506,628
968,982,845,986,940,971,1041,992,1004,757,1089,1080,867,915,1096,974,864,1105,1092,956,921,1108,798,964,818,786,793,1099,783,987,915,767,1117,994,978,1021,1112,1076,885,883,965,1071,814,990,899,910,1062,1099,1019,985,974,991,820,1119,922,913,1014,762,882,864

the loading and unloading time of each order:
4,4,4,3,5,5,5,3,3,3,4,5,3,5,3,4,3,3,4,4,4,4,5,4,5,4,3,3,4,3,4,4,5,3,3,5,3,4,5,3,4,4,3,3,3,4,5,4,3,3,4,4,3,4,3,4,4,4,5,3

The optional processing speed set of each order:
(where rows denote orders: 1 to 60)
1,2,3,4,5
3
1,2,4
2,5
2,3,4
1,3,5
4
1,2,5
2
2,4
2
1,2,3,4,5
3
1,2,3,5
1,2,3,4,5
1,5
4
1,3,4,5
4
1,2,3,5
1,2,3,4,5
3,4,5
1,2,3,4,5
1,2,4,5
1,2,4,5
2,3
1
1,2,3,5
1
1
4,5
1,2,3,4,5
1,2,3,4,5
1
1,2,3,4,5
1,2,3,4,5
1
3
5
1,2,3,4,5
4
1,2,3,4,5
1,2,3,4,5
1,2,3,4,5
1,3,4,5
1,3
1,2,3,4,5
1
1,2,5
1,2,3,4,5
1,2,3
2,3,4,5
3
1,3
1,2,3,4,5
1,2,3,5
3,4
1,2,3,5
3,4,5
1,2,4,5

The customer order set:
(where rows denote customers: 1 to 16)
2,35
58,1,6,3,14,31,55,43
37,40
26
51,4,54
49,20,15,10,9,8,13
19,38,7
32
59
22
47,57,56,24,17,25,44,45,50,42
21
48,16
12,33,34
18,5,30,41
27,39,29,36,23,28,11,60,52,53,46

