The number of jobs:
40
The number of machines:
6
The number of vehicles:
3
The number of customers:
12

The processing time of each order processed on different machines:
(where rows denote machines: 1 to 6 and columns denote orders: 1 to 
40)
41,45,29,24,45,34,43,47,38,44,45,44,40,36,34,29,35,33,37,28,23,49,22,50,49,36,46,38,33,21,29,20,43,49,50,45,22,31,28,24
40,21,21,22,26,41,46,25,49,20,20,41,32,42,30,32,38,26,40,48,50,50,23,50,44,38,35,41,21,40,50,30,22,42,28,34,49,20,36,47
48,21,34,24,39,47,43,23,21,29,46,41,49,29,20,42,29,32,29,36,35,42,29,40,37,34,28,42,45,28,35,20,31,29,33,33,30,27,46,45
48,27,33,48,21,34,33,50,41,48,38,43,30,42,25,49,42,32,43,24,23,26,34,26,44,37,20,42,26,23,35,31,30,37,26,41,28,49,42,20
31,22,28,29,29,23,49,44,41,36,44,35,26,34,22,24,36,20,33,21,39,41,46,32,21,35,34,39,47,42,50,36,50,49,30,43,38,42,36,43
21,39,23,27,43,24,28,21,40,35,36,38,41,30,47,20,45,38,50,28,37,21,29,21,26,39,43,35,21,45,30,25,30,24,21,35,44,27,20,20

The processing power of each machine:
(where rows denote machines: 1 to 6 and columns denote speed level: 1 to 
5)
2,5,6,9,10
1,2,4,6,8
1,2,4,7,10
4,5,6,7,8
1,2,3,5,7
1,2,5,7,10

The distance between each location:
(where rows and columns denote locations: 0 to 12)
0,72,80,90,84,81,69,77,100,106,26,35,53
72,0,118,104,94,66,141,95,132,121,97,77,68
80,118,0,170,41,70,82,157,177,186,81,115,50
90,104,170,0,169,155,133,13,34,18,96,55,136
84,94,41,169,0,33,114,157,184,187,96,118,33
81,66,70,155,33,0,129,143,175,173,101,109,33
69,141,82,133,114,129,0,122,125,144,45,87,97
77,95,157,13,157,143,122,0,38,30,84,42,123
100,132,177,34,184,175,125,38,0,28,98,66,151
106,121,186,18,187,173,144,30,28,0,110,71,153
26,97,81,96,96,101,45,84,98,110,0,44,69
35,77,115,55,118,109,87,42,66,71,44,0,85
53,68,50,136,33,33,97,123,151,153,69,85,0

The weight of each order:
10,16,12,18,13,16,10,16,20,10,11,17,13,12,13,13,17,10,15,10,14,17,17,12,16,20,13,19,11,20,18,20,20,13,13,18,15,19,13,11

The earliness and tardiness  penalty factors:
(where row 1 and 2 denote unit earliness and tardiness  penalty cost of orders respectively.)
5,4,9,4,3,6,3,9,1,2,2,7,2,1,2,5,2,7,10,4,9,9,1,5,1,5,5,1,2,10,7,1,8,6,4,2,7,3,8,10
12,18,15,13,19,16,11,18,12,14,13,10,10,10,11,14,10,18,14,12,17,18,12,11,20,11,12,15,10,13,15,14,16,14,14,10,19,10,16,11

The delivery time window of orders:
353,507,468,349,262,315,308,462,285,361,510,477,399,428,288,443,336,365,272,322,453,450,440,349,391,325,413,318,407,329,271,282,479,360,388,492,516,472,398,481
688,666,652,631,783,726,707,602,596,672,558,719,525,527,612,747,630,714,580,699,761,732,682,668,619,719,617,542,619,714,744,598,695,773,676,523,602,630,614,776

the loading and unloading time of each order:
3,4,3,5,3,4,3,4,5,3,3,4,3,3,3,3,4,3,4,3,4,4,4,3,4,5,3,5,3,5,5,5,5,3,3,5,4,5,3,3

The optional processing speed set of each order:
(where rows denote orders: 1 to 40)
4
2,3,4,5
1,3,5
2,3,4,5
5
1,3,5
4,5
1,4,5
1,2,3,4,5
1,2
1,2,3,4
1,2,3,4
1,4,5
1,2,3,5
1,2,3
1,2,4,5
1,2,3,4
1,4
4
1,2,3,4
2,4,5
2,3,4,5
2,4,5
4
1,2,3,4,5
3,5
5
4
3,4,5
1,4
5
1,2,3,4,5
1,3,4,5
1,2,3,4,5
1,2,3,4,5
3,4
1,2,3,4
1,3,5
1,3,4
1,2,3,4,5

The customer order set:
(where rows denote customers: 1 to 12)
23,9,26
33,18
34,15,20,30,35,24,38,6
4
8,16
12,39
21
22,1,14,28
25,10
13,40,5,7,11
29,3
37,27,32,2,31,17,36,19

