The number of jobs:
80
The number of machines:
10
The number of vehicles:
6
The number of customers:
22

The processing time of each order processed on different machines:
(where rows denote machines: 1 to 10 and columns denote orders: 1 to 
80)
50,46,41,45,28,21,26,41,36,44,41,37,24,23,22,36,48,33,46,26,24,26,44,24,27,31,42,37,29,46,26,25,22,29,50,48,31,24,27,21,24,44,50,25,23,48,40,24,44,39,38,29,44,47,28,33,37,25,49,22,28,31,45,26,42,33,40,28,33,21,29,25,44,31,25,20,37,27,24,26
23,41,49,43,32,38,35,35,23,33,50,25,37,44,27,46,40,40,42,42,48,39,36,47,40,47,27,27,33,29,40,21,43,44,39,26,29,36,41,44,20,36,21,20,21,20,41,29,39,50,33,30,31,25,39,32,42,25,43,27,41,42,24,21,20,34,45,20,30,49,50,43,39,21,31,42,42,24,21,32
34,36,49,48,40,20,33,44,33,45,28,50,29,32,49,40,30,25,47,45,33,41,35,39,34,33,22,40,28,49,49,30,42,33,26,42,31,27,39,47,22,35,36,24,26,24,50,38,49,37,30,37,21,26,28,45,25,25,38,39,21,43,40,36,37,27,50,38,31,37,36,33,23,40,22,43,30,34,42,47
24,38,31,47,48,33,23,47,49,36,25,28,36,36,49,29,35,21,40,43,38,46,50,37,44,38,39,23,43,27,39,47,20,29,38,27,44,20,30,28,25,46,35,46,49,43,38,45,46,31,35,34,49,33,50,49,50,21,22,37,41,47,39,27,46,20,45,39,38,33,20,35,41,23,20,36,42,48,26,24
22,35,31,25,32,49,36,48,47,44,48,38,48,23,36,30,20,35,42,41,37,47,41,45,50,46,33,32,50,38,32,41,32,26,45,48,21,27,40,49,40,50,50,38,22,30,26,41,47,20,28,39,24,49,40,37,20,44,41,22,32,46,28,21,31,24,47,41,25,40,39,35,26,34,25,46,43,47,41,39
32,29,28,43,39,46,48,24,23,25,45,20,48,49,31,37,22,27,49,20,35,41,43,20,49,38,22,21,21,38,46,34,40,47,25,38,38,42,39,42,25,50,23,25,34,32,38,30,22,37,26,38,30,48,20,28,21,44,22,44,42,20,23,47,39,37,38,48,20,39,37,44,33,37,47,31,32,41,30,26
21,30,30,31,39,21,21,24,44,29,22,49,40,29,48,27,22,36,33,49,36,20,41,50,43,45,31,27,44,21,49,41,28,45,30,40,44,37,22,41,48,28,24,20,27,27,37,43,39,46,23,46,34,31,39,40,48,33,20,35,27,41,20,40,42,33,35,41,24,34,29,31,29,40,48,20,32,29,31,49
27,27,37,36,32,27,27,47,30,40,30,41,42,46,47,25,46,24,22,42,49,29,20,41,40,34,33,21,28,39,23,30,23,41,20,46,40,34,50,24,41,25,36,39,35,42,45,39,42,27,43,25,38,23,35,42,47,41,40,39,39,45,49,26,22,28,40,41,24,50,44,46,33,30,44,24,39,28,43,48
37,42,34,21,35,47,25,28,24,37,43,21,47,40,31,28,31,42,28,25,42,40,37,37,46,24,34,32,40,48,43,30,41,25,32,41,48,44,25,50,44,35,41,34,33,47,42,29,22,33,24,22,41,37,48,47,28,30,36,39,49,27,20,46,32,42,50,25,21,35,27,25,49,36,43,29,48,46,47,40
45,39,30,28,26,28,27,42,22,29,23,27,49,43,39,36,45,28,49,46,28,47,27,35,21,40,39,42,30,36,22,28,21,33,39,34,20,29,40,36,27,29,23,22,38,49,42,27,43,41,30,22,39,33,50,44,22,27,48,27,39,31,34,26,27,50,39,49,48,48,26,46,20,38,22,49,22,33,45,30

The processing power of each machine:
(where rows denote machines: 1 to 10 and columns denote speed level: 1 to 
5)
1,3,4,5,10
4,6,8,11,12
1,4,6,9,10
1,3,5,8,9
2,3,5,6,10
1,3,4,6,9
2,4,5,6,10
2,3,4,9,10
1,4,6,7,9
4,5,7,9,10

The distance between each location:
(where rows and columns denote locations: 0 to 22)
0,106,80,83,79,76,45,19,97,30,47,107,97,99,98,11,115,106,99,77,97,67,73
106,0,111,132,96,168,136,98,195,77,65,165,141,204,20,96,150,212,152,94,120,60,167
80,111,0,23,16,152,63,62,167,70,95,186,174,153,118,82,191,145,41,17,168,115,83
83,132,23,0,38,148,54,67,160,81,108,189,180,141,137,87,197,129,20,40,177,129,66
79,96,16,38,0,154,71,60,171,64,86,183,169,161,104,79,186,155,57,3,161,105,95
76,168,152,148,154,0,96,94,28,102,103,59,71,59,154,80,87,84,160,152,91,112,104
45,136,63,54,71,96,0,40,106,62,88,142,137,90,133,54,156,84,64,70,141,109,31
19,98,62,67,60,94,40,0,114,22,48,124,113,112,94,21,131,115,85,58,110,70,71
97,195,167,160,171,28,106,114,0,125,130,79,96,40,181,103,110,69,168,169,118,140,106
30,77,70,81,64,102,62,22,125,0,28,121,106,129,72,22,122,134,100,61,98,50,94
47,65,95,108,86,103,88,48,130,28,0,108,89,141,53,36,103,152,128,84,76,22,118
107,165,186,189,183,59,142,124,79,121,108,0,26,117,146,105,33,144,204,181,52,105,157
97,141,174,180,169,71,137,113,96,106,89,26,0,130,122,93,19,154,196,167,27,82,157
99,204,153,141,161,59,90,112,40,129,141,117,130,0,194,108,146,29,145,159,149,156,79
98,20,118,137,104,154,133,94,181,72,53,146,122,194,0,88,130,204,157,101,100,43,165
11,96,82,87,79,80,54,21,103,22,36,105,93,108,88,0,110,116,105,76,90,57,83
115,150,191,197,186,87,156,131,110,122,103,33,19,146,130,110,0,171,215,183,30,93,176
106,212,145,129,155,84,84,115,69,134,152,144,154,29,204,116,171,0,130,154,171,169,64
99,152,41,20,57,160,64,85,168,100,128,204,196,145,157,105,215,130,0,58,195,149,67
77,94,17,40,3,152,70,58,169,61,84,181,167,159,101,76,183,154,58,0,159,102,94
97,120,168,177,161,91,141,110,118,98,76,52,27,149,100,90,30,171,195,159,0,64,165
67,60,115,129,105,112,109,70,140,50,22,105,82,156,43,57,93,169,149,102,64,0,140
73,167,83,66,95,104,31,71,106,94,118,157,157,79,165,83,176,64,67,94,165,140,0

The weight of each order:
18,13,18,17,14,13,17,16,10,17,16,11,20,13,20,11,14,19,11,10,13,18,20,10,19,20,16,13,15,19,15,17,11,19,17,10,18,15,19,14,10,12,11,17,17,13,17,20,18,18,11,14,13,19,11,18,17,17,10,17,13,15,18,12,15,18,11,17,10,13,16,19,19,10,15,14,16,15,12,15

The earliness and tardiness  penalty factors:
(where row 1 and 2 denote unit earliness and tardiness  penalty cost of orders respectively.)
5,9,8,10,2,9,9,10,9,10,7,7,2,1,6,3,7,1,5,3,8,8,10,6,2,2,5,2,6,6,1,8,6,3,7,5,6,4,7,5,2,7,2,1,5,10,2,8,9,5,8,7,2,1,7,10,7,7,5,10,5,6,6,7,4,7,4,8,4,6,6,3,2,7,10,2,7,2,8,9
15,12,20,16,12,11,15,13,15,17,14,17,16,18,12,12,13,16,10,19,13,17,15,10,16,12,13,10,12,11,13,13,12,16,15,18,13,20,10,18,11,13,13,13,15,16,12,12,12,19,18,13,15,18,14,18,12,11,13,15,15,19,10,17,18,11,19,14,16,19,20,18,19,18,12,16,10,11,10,14

The delivery time window of orders:
688,713,532,744,728,665,947,710,526,544,898,653,897,532,614,950,609,638,788,838,905,647,918,949,549,651,944,777,647,530,496,528,726,654,767,527,781,873,544,593,547,822,785,765,605,821,864,535,696,796,979,883,814,714,962,497,599,657,511,544,492,632,869,837,954,828,556,521,852,918,780,632,911,785,683,871,754,624,591,819
1067,1193,1298,1425,1359,1208,1283,1376,1186,1461,1293,1097,1341,1464,1098,1275,1392,1230,1355,1023,1041,1348,1120,1374,1192,1074,1071,1075,1426,1066,1036,1381,1287,1354,1272,1108,1277,1385,1427,1357,1466,1410,1038,1156,1345,1185,1037,1314,1182,1284,1439,1260,1178,991,1177,1315,1277,984,1135,1402,1340,1095,1142,1412,1366,1283,982,1261,1257,1084,1005,1438,1303,1149,1236,1416,995,1275,1415,1252

the loading and unloading time of each order:
5,3,5,4,4,3,4,4,3,4,4,3,5,3,5,3,4,5,3,3,3,5,5,3,5,5,4,3,4,5,4,4,3,5,4,3,5,4,5,4,3,3,3,4,4,3,4,5,5,5,3,4,3,5,3,5,4,4,3,4,3,4,5,3,4,5,3,4,3,3,4,5,5,3,4,4,4,4,3,4

The optional processing speed set of each order:
(where rows denote orders: 1 to 80)
3,4,5
1,4,5
1
1,2,3,5
3,4
2,3,4,5
2,4,5
1,5
1,2,5
3,4
3
2
1,2
1,3
1,2,3,4,5
5
2,3,4,5
1,4
1,2,4
1,4
1,2,3,4,5
5
1
1,2,3,4,5
1,2,3,4,5
1,2,4,5
1,2,3,4,5
1,2,3,4,5
1,2,3,4,5
1,2,3,4,5
1,2,3,5
1,2,3,4,5
1,2,4
3,4,5
1,2,3,4,5
1,2
5
1,3,4,5
1,2,4
2,5
1,2,5
1,3
1,2,3,4,5
2
1,2
1,2,3,4,5
4
1,2,3,4,5
2,5
1,3
2,4
2,3,5
1
4,5
2,5
1,4,5
5
1,5
2,3,4
4
1,3,4,5
1,3,5
1,2,3,5
2,3,5
2,5
5
4
1,2,3,4,5
1
1,5
1,2,3,4
1,2,3,4,5
3,4
1,2,3,4,5
1,2,3,4
1,2,3,5
1,2,4,5
4,5
2,3,4,5
2,4,5

The customer order set:
(where rows denote customers: 1 to 22)
32,22,47,43,73,29,51
71,31,58,69,61
19,65,18,74,53,41
5,35,9,11
49
76,37,60
56
46,24,55,70
25
1,40,33,6
8,66,36
68,39,62,54,79,48,20
57,75
72,17,4,26
15
38,34,2
64,42,63
30
7,45
78,10,27,21,67,50,12,28,13,52
77,16,23
44,80,3,59,14

