The number of jobs:
40
The number of machines:
5
The number of vehicles:
3
The number of customers:
11

The processing time of each order processed on different machines:
(where rows denote machines: 1 to 5 and columns denote orders: 1 to 
40)
30,43,49,43,28,31,42,26,48,20,44,39,34,20,22,34,38,32,41,41,39,32,31,20,49,24,26,29,47,23,24,21,45,45,30,50,28,35,44,24
47,43,35,38,21,26,25,21,36,49,29,34,27,29,39,42,50,20,48,42,25,49,27,49,30,27,39,48,39,50,44,34,38,45,31,40,38,36,26,36
37,27,50,29,26,28,45,47,39,48,37,37,42,23,30,35,23,42,36,24,21,23,22,31,33,30,24,47,37,50,28,27,35,33,38,45,32,44,28,24
42,21,41,38,21,48,50,35,24,25,23,34,36,45,46,29,46,35,37,24,48,20,26,25,50,39,35,36,41,23,31,28,47,25,32,41,32,45,46,41
29,46,47,27,49,20,24,25,20,35,47,28,28,34,23,41,47,48,49,46,47,35,27,31,25,30,36,44,38,22,41,21,27,50,45,27,32,25,41,46

The processing power of each machine:
(where rows denote machines: 1 to 5 and columns denote speed level: 1 to 
5)
2,3,5,7,9
1,2,3,4,7
1,3,5,6,10
3,5,7,11,12
1,7,9,11,13

The distance between each location:
(where rows and columns denote locations: 0 to 11)
0,65,100,81,104,67,58,115,58,15,123,51
65,0,41,16,124,49,112,61,108,69,159,25
100,41,0,36,164,88,152,73,128,99,200,66
81,16,36,0,129,52,125,47,124,85,166,35
104,124,164,129,0,77,71,123,157,119,44,100
67,49,88,52,77,0,86,58,124,79,115,28
58,112,152,125,71,86,0,144,94,69,71,90
115,61,73,47,123,58,144,0,166,124,166,64
58,108,128,124,157,124,94,166,0,45,165,103
15,69,99,85,119,79,69,124,45,0,136,60
123,159,200,166,44,115,71,166,165,136,0,134
51,25,66,35,100,28,90,64,103,60,134,0

The weight of each order:
13,13,12,20,13,15,12,17,18,16,12,12,12,16,10,13,13,15,10,18,13,20,20,16,20,12,14,18,20,17,11,18,15,18,20,11,11,16,12,16

The earliness and tardiness  penalty factors:
(where row 1 and 2 denote unit earliness and tardiness  penalty cost of orders respectively.)
6,4,1,10,3,8,9,7,2,2,4,8,1,2,10,10,4,4,7,6,6,10,7,8,3,2,9,1,2,3,6,5,10,10,7,9,9,1,3,4
12,12,13,13,18,17,13,10,13,13,14,12,14,18,13,20,20,19,16,11,12,15,10,20,19,17,13,13,16,12,13,13,19,20,15,15,19,16,11,11

The delivery time window of orders:
335,574,435,476,407,523,494,500,326,566,386,578,442,442,326,480,389,580,578,569,299,398,310,337,564,390,389,432,496,394,364,542,550,546,343,356,420,305,475,318
752,776,736,604,840,680,862,850,864,654,645,731,740,597,596,807,721,783,758,738,864,702,820,876,767,657,839,600,642,856,716,813,660,873,759,707,857,691,755,636

the loading and unloading time of each order:
3,3,3,5,3,4,3,4,5,4,3,3,3,4,3,3,3,4,3,5,3,5,5,4,5,3,4,5,5,4,3,5,4,5,5,3,3,4,3,4

The optional processing speed set of each order:
(where rows denote orders: 1 to 40)
1,2,3,4,5
3,5
2,4,5
3
1,2,3,4
4
5
2,3
1,2,3,4,5
2,3,4
4
1,3,4,5
4
1,2,3,4,5
1,3,5
3
3,4
1,2,3,4,5
1
1,2,3
1,4
4,5
2,5
1,2,3,4
5
1,2,3,4,5
1,2,3,4,5
2
3
2,3,5
1,3
3
1,3
1,2,3,4
1,2,3,4,5
1,5
1,3,5
1,2
1,3,4
2

The customer order set:
(where rows denote customers: 1 to 11)
28
21,26,38,13,18,5,39
24,30
35,10,19,11,15,36,31,16,17
7,3,14,37,4,29,8,22,25
1
12
27,2
20,40,33,6
9
34,23,32

