The number of jobs:
40
The number of machines:
6
The number of vehicles:
3
The number of customers:
10

The processing time of each order processed on different machines:
(where rows denote machines: 1 to 6 and columns denote orders: 1 to 
40)
44,44,40,23,23,33,44,28,30,48,34,26,47,39,32,49,48,49,29,35,21,39,28,29,22,24,24,29,46,40,43,23,43,36,46,40,33,44,27,43
33,43,24,30,42,31,22,21,27,43,44,40,43,41,30,45,27,36,32,36,49,35,23,33,48,49,22,44,40,48,47,25,42,25,36,34,49,38,49,41
32,23,34,49,47,28,29,26,32,49,37,20,48,27,34,30,32,29,20,36,48,28,48,38,24,20,42,21,27,25,35,42,37,27,28,22,48,32,47,42
49,45,29,24,44,49,20,48,48,29,34,38,27,33,38,34,34,45,31,43,27,44,44,34,47,32,49,26,24,41,26,50,39,26,28,21,21,20,25,38
22,22,36,45,30,36,36,46,45,22,27,33,24,33,49,29,23,21,37,50,41,48,32,22,26,46,38,21,42,37,32,46,50,50,44,35,28,34,34,48
20,20,26,35,21,26,20,34,43,43,35,48,42,24,22,31,30,37,23,49,23,31,20,26,45,41,42,35,37,29,33,49,49,36,43,33,49,41,36,50

The processing power of each machine:
(where rows denote machines: 1 to 6 and columns denote speed level: 1 to 
5)
1,5,6,8,10
2,3,5,7,8
2,3,5,6,8
1,2,7,10,11
1,2,6,8,9
2,4,7,9,10

The distance between each location:
(where rows and columns denote locations: 0 to 10)
0,95,94,74,58,22,23,54,103,42,40
95,0,117,94,146,88,72,133,29,68,96
94,117,0,25,143,112,94,146,99,65,131
74,94,25,0,128,91,71,128,79,41,110
58,146,143,128,0,58,77,20,159,100,54
22,88,112,91,58,0,22,46,103,53,19
23,72,94,71,77,22,0,68,82,32,40
54,133,146,128,20,46,68,0,149,96,37
103,29,99,79,159,103,82,149,0,67,115
42,68,65,41,100,53,32,96,67,0,71
40,96,131,110,54,19,40,37,115,71,0

The weight of each order:
12,13,16,18,19,13,18,11,20,12,12,17,18,10,20,15,19,15,20,13,11,19,14,19,11,10,13,13,10,12,20,10,16,15,10,11,10,14,17,17

The earliness and tardiness  penalty factors:
(where row 1 and 2 denote unit earliness and tardiness  penalty cost of orders respectively.)
8,4,10,4,1,5,7,1,3,9,4,3,6,7,9,7,5,2,2,1,10,7,6,7,3,9,6,6,2,10,1,2,7,1,2,1,9,9,8,5
17,12,17,19,16,14,15,10,10,11,17,18,12,10,16,16,20,11,12,20,20,17,14,19,14,12,11,20,13,16,13,16,15,14,11,19,14,10,16,11

The delivery time window of orders:
275,363,425,416,453,291,332,271,292,325,294,376,364,317,293,343,255,345,386,282,467,340,450,410,476,450,302,310,422,402,270,307,239,292,296,465,248,433,430,311
560,578,674,634,514,675,685,506,500,641,489,567,542,588,704,596,643,665,509,552,699,650,685,497,554,523,586,525,510,668,587,705,693,555,588,694,524,642,551,648

the loading and unloading time of each order:
3,3,4,5,5,3,5,3,5,3,3,4,5,3,5,4,5,4,5,3,3,5,4,5,3,3,3,3,3,3,5,3,4,4,3,3,3,4,4,4

The optional processing speed set of each order:
(where rows denote orders: 1 to 40)
2,3,4,5
1,2,3,4,5
3,4
1,2,3,4,5
4
1,2,3,4,5
4
1
1,2
2,4
2
3
1,2,4
3,4,5
1,2,3,5
1,3,5
3,5
1,4
1,3,4,5
3
1,2,3,4
1,2,3,4,5
4,5
2,3
1,2,3,4,5
1,2,3,4,5
1,3,4,5
2,4
1,3,4,5
2
1,2
1,2,3
1,2,3,4,5
1,2
1,2,3,4
2,3
1,4,5
3,4,5
1,2,4
1,4

The customer order set:
(where rows denote customers: 1 to 10)
10,37
21,35,3,8
15,30,13,32,25,2
34,33,38,36
23
9,24,39,40,20,16,11,12,7,19,17,28,31,22
6
26,5,18
27
14,1,4,29

