The number of jobs:
60
The number of machines:
7
The number of vehicles:
5
The number of customers:
15

The processing time of each order processed on different machines:
(where rows denote machines: 1 to 7 and columns denote orders: 1 to 
60)
21,49,34,49,45,34,45,26,49,29,48,29,43,30,26,20,50,32,40,42,42,28,24,27,37,49,32,22,28,30,37,39,47,25,44,22,21,40,29,40,33,37,30,28,47,38,32,49,28,47,31,48,38,30,29,30,39,24,44,28
29,32,29,27,27,31,22,44,27,25,28,22,43,26,39,22,44,20,24,37,26,40,27,32,38,27,36,25,34,28,28,38,43,31,48,43,30,44,26,44,43,30,36,34,35,23,29,24,35,38,33,45,27,26,23,46,21,46,21,50
35,33,33,29,29,50,50,22,33,36,29,28,30,43,25,20,35,28,32,47,20,46,31,36,45,49,24,49,45,38,30,43,46,34,34,21,46,34,35,43,46,23,36,50,41,42,41,38,33,24,30,26,26,41,25,34,45,46,48,43
22,48,42,40,36,50,23,47,20,33,20,41,40,36,41,27,24,24,36,22,48,24,35,46,29,21,27,31,48,46,42,23,34,32,38,49,37,38,41,27,36,24,39,36,22,20,25,26,33,35,20,41,24,50,49,32,27,34,49,25
22,26,28,21,48,30,39,49,20,32,47,47,45,34,27,40,25,26,24,50,45,40,38,38,33,36,30,27,46,48,31,31,36,26,49,25,38,47,32,30,28,31,44,29,48,27,37,22,36,49,26,46,37,34,35,46,23,42,25,25
30,26,20,40,35,32,31,35,22,37,38,35,33,34,25,34,32,50,26,30,28,28,40,28,38,41,33,21,35,25,39,29,27,22,22,28,39,28,46,47,34,38,39,27,35,40,20,36,45,29,22,41,43,22,49,39,34,20,43,48
24,48,28,27,27,25,45,36,40,24,46,33,21,21,48,25,46,26,35,44,47,42,48,27,32,24,34,32,44,23,26,45,20,47,37,24,42,42,22,36,25,26,41,29,46,37,26,39,32,20,31,31,42,21,48,48,37,33,48,50

The processing power of each machine:
(where rows denote machines: 1 to 7 and columns denote speed level: 1 to 
5)
2,3,4,8,9
1,2,6,7,9
3,4,7,11,12
3,6,10,13,15
1,4,5,6,10
1,2,5,6,8
1,4,6,7,10

The distance between each location:
(where rows and columns denote locations: 0 to 15)
0,110,98,59,92,33,43,63,85,89,50,53,82,51,58,23
110,0,65,79,115,130,139,70,91,197,113,157,114,59,109,89
98,65,0,106,54,102,107,100,32,184,72,127,56,68,64,90
59,79,106,0,127,91,101,9,110,130,97,112,120,39,100,38
92,115,54,127,0,77,78,125,24,161,44,95,10,91,35,97
33,130,102,91,77,0,10,95,79,85,34,26,67,75,43,54
43,139,107,101,78,10,0,105,83,83,37,19,68,85,46,64
63,70,100,9,125,95,105,0,107,138,97,116,118,35,99,41
85,91,32,110,24,79,83,107,0,164,46,102,25,72,37,84
89,197,184,130,161,85,83,138,164,0,119,67,151,138,128,108
50,113,72,97,44,34,37,97,46,119,0,56,34,67,9,61
53,157,127,112,95,26,19,116,102,67,56,0,86,100,65,76
82,114,56,120,10,67,68,118,25,151,34,86,0,84,25,88
51,59,68,39,91,75,85,35,72,138,67,100,84,0,68,30
58,109,64,100,35,43,46,99,37,128,9,65,25,68,0,66
23,89,90,38,97,54,64,41,84,108,61,76,88,30,66,0

The weight of each order:
11,17,11,11,17,12,15,13,15,15,20,10,19,16,11,19,17,18,18,14,10,16,10,16,11,17,14,12,20,10,11,19,18,11,16,17,15,19,11,13,16,20,18,17,12,14,16,14,13,19,19,20,15,17,12,10,12,14,13,11

The earliness and tardiness  penalty factors:
(where row 1 and 2 denote unit earliness and tardiness  penalty cost of orders respectively.)
5,5,10,8,2,6,8,1,2,6,8,4,1,7,6,2,8,4,1,10,8,4,5,2,9,9,10,8,9,1,6,3,1,4,1,6,6,9,5,6,6,10,2,1,2,10,10,3,10,8,10,3,7,7,6,9,7,6,9,5
10,14,16,17,17,13,12,17,10,11,18,16,12,14,14,18,20,17,19,11,12,18,14,14,15,19,17,10,15,19,20,19,20,11,12,14,14,13,11,12,18,17,11,14,20,19,20,14,11,20,14,12,15,11,13,19,12,10,14,10

The delivery time window of orders:
459,461,367,666,549,593,594,365,608,686,450,370,546,675,685,375,464,514,654,506,666,353,366,410,390,405,476,503,597,635,392,674,580,531,669,490,564,492,570,406,663,473,633,644,650,539,606,355,372,544,468,454,426,430,397,388,539,527,604,400
738,726,1013,693,760,912,836,1021,788,997,712,981,785,887,914,992,858,754,810,840,899,889,865,776,874,957,880,945,1017,965,780,1035,800,969,944,940,715,920,838,948,798,989,737,944,888,875,896,946,923,989,735,861,1009,761,972,851,768,723,886,857

the loading and unloading time of each order:
3,4,3,3,4,3,4,3,4,4,5,3,5,4,3,5,4,5,5,4,3,4,3,4,3,4,4,3,5,3,3,5,5,3,4,4,4,5,3,3,4,5,5,4,3,4,4,4,3,5,5,5,4,4,3,3,3,4,3,3

The optional processing speed set of each order:
(where rows denote orders: 1 to 60)
2,3,5
1,2,3,5
1
1,2,4,5
1,2,3,4,5
1,2,3,4
1,2,3,4,5
3
1,2,3,5
1,2
5
1,2,3,4
2,4
1,2,3
5
1,2,3,4,5
1,2,3
5
1,2,3,4,5
1,4,5
4
1,4
1,3,4
1,2,3,4,5
1,3,5
2,4,5
1,2,3,4,5
3
2,3,4,5
1,2,3,4,5
1,2,3,4,5
3,4,5
2,4
2,5
1,2,3,4,5
1,2,3,4,5
2,4,5
2,4,5
1,2,3
1,2,3,4,5
2
1,2
2,3,4,5
3,4
3,4
4
5
2,5
1,2,3
1
1,2,4,5
5
2,5
1,4,5
1,2,3,4,5
1,3,5
1,5
4
3,4
1,2,3,4,5

The customer order set:
(where rows denote customers: 1 to 15)
6,2,53
30
25
26,13,28,42,40,15
43
56,36
19,58,18,59
4,14,52,10,60,22,32,44
51,31
45,34,38,37,11,17,8,39,49
50,20,55
7,16,54
57,27,35,23,29,48,5,9,21,3
46,1,41,33
24,47,12

