The number of jobs:
80
The number of machines:
9
The number of vehicles:
6
The number of customers:
22

The processing time of each order processed on different machines:
(where rows denote machines: 1 to 9 and columns denote orders: 1 to 
80)
20,48,31,33,32,20,38,24,50,40,36,30,49,43,45,46,50,44,32,24,28,42,23,22,24,32,31,44,23,38,25,25,29,48,25,21,37,22,26,34,26,24,26,20,40,43,30,32,30,34,23,25,48,47,39,35,40,31,44,47,41,38,42,43,44,47,32,32,46,21,47,50,22,30,37,26,38,50,49,29
50,27,33,49,30,36,38,30,38,26,30,44,32,39,32,24,32,50,48,41,36,41,22,50,44,44,49,48,46,21,22,50,49,41,43,36,43,46,42,48,21,48,47,32,47,44,49,35,33,39,48,30,30,50,38,47,30,31,33,34,30,28,22,38,46,29,50,32,46,30,50,39,48,31,20,35,47,22,36,38
32,38,28,34,23,23,44,40,38,28,34,27,23,49,45,33,35,27,35,45,21,48,43,26,43,50,40,32,32,48,38,48,27,33,35,31,40,26,45,24,22,23,37,29,20,24,37,23,42,45,40,28,50,48,44,38,29,38,22,28,33,27,27,20,26,37,48,41,31,28,46,24,29,26,26,46,23,42,50,33
40,49,26,31,31,25,27,35,42,33,32,29,33,24,25,37,28,35,22,48,26,29,31,38,46,34,36,49,28,28,46,20,36,25,29,50,41,41,46,27,20,47,32,29,41,45,34,40,31,50,26,40,21,29,31,34,23,46,49,37,28,30,38,32,32,34,41,26,30,41,48,41,39,42,31,39,40,23,26,25
26,46,37,33,33,24,24,43,50,33,35,50,32,42,38,48,41,48,26,49,33,26,29,22,27,29,36,23,34,39,46,43,25,21,30,45,50,35,32,35,42,48,21,31,42,33,31,24,39,29,30,23,28,48,28,42,45,24,20,45,36,48,22,31,26,39,38,47,33,28,36,34,27,49,26,36,41,22,36,22
37,43,47,47,40,32,31,38,29,41,20,24,30,21,40,37,49,23,22,31,37,25,33,26,32,34,50,22,43,30,45,32,23,20,30,37,43,43,32,33,37,20,20,34,23,49,48,36,26,43,47,26,32,35,40,48,30,22,32,26,47,50,45,33,44,32,44,47,30,20,24,42,35,36,47,22,20,39,46,40
26,40,28,26,36,23,33,43,33,34,37,46,37,32,40,25,22,40,32,32,42,31,30,37,35,24,28,27,35,39,33,46,24,49,30,36,50,30,50,20,45,47,34,43,25,32,34,50,46,45,40,48,20,28,20,24,36,25,22,44,40,48,27,23,23,21,40,27,37,27,38,38,21,47,38,37,25,20,37,39
35,39,49,20,23,50,26,44,46,25,33,27,32,42,40,20,41,27,39,31,33,45,25,30,43,42,21,24,31,30,30,30,46,46,47,27,33,27,37,30,20,21,20,43,21,36,50,33,28,32,46,44,46,25,35,34,44,38,46,44,26,27,43,44,49,42,37,31,22,29,37,38,22,38,46,33,36,27,49,46
30,34,23,42,23,45,39,24,25,25,46,31,24,26,33,25,34,35,50,33,42,49,26,25,40,42,20,46,30,41,35,44,48,43,22,30,33,39,29,22,46,42,20,43,39,39,42,38,50,46,46,50,47,40,39,48,48,41,33,34,30,38,27,49,26,20,36,29,47,42,50,40,40,25,41,26,37,28,45,20

The processing power of each machine:
(where rows denote machines: 1 to 9 and columns denote speed level: 1 to 
5)
2,3,7,9,10
1,6,10,14,16
1,2,5,6,8
1,3,4,7,9
3,6,8,11,13
1,5,7,9,10
4,5,6,8,10
1,4,6,8,10
2,3,4,8,9

The distance between each location:
(where rows and columns denote locations: 0 to 22)
0,110,25,85,123,93,65,104,77,77,116,103,97,103,55,96,96,92,126,113,54,109,80
110,0,85,194,231,35,173,55,177,185,9,157,159,176,66,198,120,176,39,165,55,186,179
25,85,0,110,149,68,90,80,96,101,92,104,108,118,31,116,95,104,101,114,30,119,99
85,194,110,0,49,176,30,182,55,26,201,128,117,105,136,51,147,87,209,134,139,105,56
123,231,149,49,0,217,58,226,102,74,236,176,117,99,177,93,159,134,249,182,176,150,103
93,35,68,176,217,0,158,24,151,163,44,123,163,177,40,173,132,146,33,131,44,155,153
65,173,90,30,58,158,0,168,69,45,178,134,88,78,119,73,117,100,191,141,118,119,71
104,55,80,182,226,24,168,0,150,166,64,111,182,195,49,172,154,140,34,118,62,146,152
77,177,96,55,102,151,69,150,0,28,185,75,150,145,112,22,167,33,181,80,124,51,3
77,185,101,26,74,163,45,166,28,0,192,102,132,124,123,28,156,61,195,108,130,78,30
116,9,92,201,236,44,178,64,185,192,0,166,160,178,74,206,119,185,45,175,62,195,187
103,157,104,128,176,123,134,111,75,102,166,0,198,200,97,90,197,46,145,10,120,40,74
97,159,108,117,117,163,88,182,150,132,160,198,0,22,137,160,49,177,191,208,120,196,153
103,176,118,105,99,177,78,195,145,124,178,200,22,0,148,152,70,174,207,209,134,193,148
55,66,31,136,177,40,119,49,112,123,74,97,137,148,0,133,116,111,73,107,24,122,114
96,198,116,51,93,173,73,172,22,28,206,90,160,152,133,0,181,45,203,94,145,58,20
96,120,95,147,159,132,117,154,167,156,119,197,49,70,116,181,0,187,156,207,94,205,170
92,176,104,87,134,146,100,140,33,61,185,46,177,174,111,45,187,0,173,49,128,19,31
126,39,101,209,249,33,191,34,181,195,45,145,191,207,73,203,156,173,0,152,76,180,183
113,165,114,134,182,131,141,118,80,108,175,10,208,209,107,94,207,49,152,0,129,40,79
54,55,30,139,176,44,118,62,124,130,62,120,120,134,24,145,94,128,76,129,0,141,127
109,186,119,105,150,155,119,146,51,78,195,40,196,193,122,58,205,19,180,40,141,0,49
80,179,99,56,103,153,71,152,3,30,187,74,153,148,114,20,170,31,183,79,127,49,0

The weight of each order:
14,19,15,12,13,19,11,17,19,11,20,11,13,19,19,18,16,16,13,20,19,18,10,10,19,10,18,17,12,17,14,14,19,12,12,17,18,17,14,11,12,19,14,14,18,16,14,14,18,10,15,14,12,11,15,18,20,20,10,19,16,14,13,10,20,14,15,12,16,18,20,19,19,18,19,13,19,12,19,14

The earliness and tardiness  penalty factors:
(where row 1 and 2 denote unit earliness and tardiness  penalty cost of orders respectively.)
4,1,7,7,2,7,9,3,3,8,10,7,1,9,9,5,9,10,5,7,3,1,10,8,7,9,1,9,9,6,8,4,1,3,4,9,3,4,6,4,8,10,10,10,8,7,6,6,5,3,5,6,8,3,1,7,5,6,8,9,3,1,10,9,6,9,4,3,7,4,8,4,4,2,9,4,3,10,4,9
14,13,11,18,11,13,10,20,10,12,15,14,14,10,17,13,12,19,20,15,15,16,14,19,17,19,20,19,19,13,11,12,17,16,10,12,19,13,17,15,13,14,16,15,15,16,14,12,19,20,14,19,11,14,13,19,13,14,14,10,11,14,19,15,18,11,17,17,12,17,11,12,13,20,14,19,16,15,20,14

The delivery time window of orders:
970,611,606,789,770,1003,1052,682,797,866,616,1053,666,612,634,918,900,1067,831,934,862,998,615,701,830,832,738,569,1017,729,943,642,601,797,677,709,1014,796,1059,615,620,709,589,606,759,977,881,939,668,764,643,1006,864,797,669,1084,954,1024,789,655,1071,924,706,983,633,988,892,1079,886,782,970,813,1021,1077,986,915,650,671,821,977
1582,1144,1281,1394,1314,1679,1162,1133,1179,1573,1212,1331,1317,1577,1602,1508,1435,1690,1215,1516,1637,1384,1634,1260,1604,1160,1550,1487,1255,1678,1531,1173,1536,1362,1663,1221,1371,1152,1593,1319,1147,1365,1286,1672,1405,1156,1425,1637,1687,1227,1398,1496,1214,1409,1282,1456,1643,1582,1324,1543,1335,1435,1446,1673,1203,1514,1473,1419,1324,1131,1425,1423,1341,1395,1634,1304,1547,1377,1348,1537

the loading and unloading time of each order:
4,5,4,3,3,5,3,4,5,3,5,3,3,5,5,5,4,4,3,5,5,5,3,3,5,3,5,4,3,4,4,4,5,3,3,4,5,4,4,3,3,5,4,4,5,4,4,4,5,3,4,4,3,3,4,5,5,5,3,5,4,4,3,3,5,4,4,3,4,5,5,5,5,5,5,3,5,3,5,4

The optional processing speed set of each order:
(where rows denote orders: 1 to 80)
1,2,3,4,5
4,5
1,3,4,5
1,2,3,5
3
1,2,4
4,5
1,4
1,3,4,5
3,5
1,3,4
1,2,3
1,2,3,4
1,2,3,4
2,4,5
1,2,4
1,3,4,5
1,2,3,4
1,2,4,5
1,2,3,4,5
1,2,3,4,5
3,4
1,4,5
2,3
1,2,3,4,5
2,3,5
1,2,3,4
2,3
1,3,4
1,3,4,5
2,3,5
1,5
1,2,3,4,5
1,2,3,4,5
1,2,4,5
2,4,5
1,2,5
1,2,3,4
2,5
1,2,3,4,5
1,5
2
1,5
1,3,5
1,2,3,4,5
2,3
2,4
2,3,4
1,2,3,5
2
2
4
1,2,3,4,5
3
1,2,3,4,5
4
1,2,3,4,5
2,3,5
1,2,3,4,5
1,2,4
1,2,3,4
3
1,2,5
1,2,3,4,5
1,2,3,4,5
2,3,4
2,3,4,5
1,2,3,4,5
4
1,2,3,4,5
1,3
1,2,3,4,5
1
1
4
1,2,3,4
3
1,5
1,2,3
2,4,5

The customer order set:
(where rows denote customers: 1 to 22)
58,40,71,27,80,74,50,79,55,1,2,61
54,76
32,29,51
26,53,22,28,11,60,73
31
46
78,75,66,52
20,17
42
12
47,44,45,57,56
13,64,6,37,9,19,3,30
4,33,67,35,21
8,39,38
16
48,68
65
23
72,36,77,10,5,41,34,43,24,63,14,59
70,15
62,7
49,69,18,25

