The number of jobs:
40
The number of machines:
6
The number of vehicles:
3
The number of customers:
11

The processing time of each order processed on different machines:
(where rows denote machines: 1 to 6 and columns denote orders: 1 to 
40)
35,24,34,50,28,34,40,33,30,46,36,49,50,23,39,46,45,34,27,23,26,43,30,25,33,28,35,48,33,45,20,21,40,46,30,44,27,31,49,34
25,50,45,39,22,44,43,32,24,27,31,30,27,28,27,20,22,22,49,38,40,43,40,37,35,28,40,31,26,20,49,39,44,34,33,47,40,21,41,50
24,40,33,30,50,35,44,31,44,25,29,39,27,35,38,20,28,41,34,36,49,39,47,47,36,21,28,48,30,29,46,36,22,50,24,30,25,49,48,48
32,27,47,26,33,31,31,25,28,49,31,20,50,23,29,21,37,31,39,41,47,25,20,50,49,31,43,20,47,42,41,38,40,36,37,48,21,29,42,33
43,24,50,37,42,35,37,21,48,40,26,40,44,22,36,39,42,37,23,30,36,31,41,49,50,43,37,22,49,40,46,50,25,48,45,28,35,40,27,41
23,22,36,41,41,22,30,45,38,26,48,24,30,20,49,35,50,36,40,28,46,23,41,32,29,25,43,32,43,47,38,35,39,27,22,48,23,25,46,41

The processing power of each machine:
(where rows denote machines: 1 to 6 and columns denote speed level: 1 to 
5)
4,5,6,7,10
1,3,6,7,10
3,4,5,9,10
1,4,6,8,10
2,4,7,9,10
1,2,3,5,8

The distance between each location:
(where rows and columns denote locations: 0 to 11)
0,59,107,29,101,69,72,118,88,116,38,107
59,0,151,34,133,122,77,70,139,166,58,154
107,151,0,119,183,125,176,219,141,159,144,9
29,34,119,0,121,97,78,100,116,144,48,121
101,133,183,121,0,59,63,145,52,62,76,178
69,122,125,97,59,0,84,161,21,48,69,120
72,77,176,78,63,84,0,83,92,114,34,175
118,70,219,100,145,161,83,0,173,197,94,222
88,139,141,116,52,21,92,173,0,28,84,135
116,166,159,144,62,48,114,197,28,0,110,152
38,58,144,48,76,69,34,94,84,110,0,143
107,154,9,121,178,120,175,222,135,152,143,0

The weight of each order:
20,16,15,19,13,17,17,11,20,15,12,15,19,18,13,20,17,15,11,16,11,19,16,18,17,11,17,16,10,12,15,12,15,15,17,14,14,14,18,20

The earliness and tardiness  penalty factors:
(where row 1 and 2 denote unit earliness and tardiness  penalty cost of orders respectively.)
5,5,2,3,3,4,1,2,2,1,3,1,8,2,6,9,3,5,8,8,3,7,6,9,8,5,9,5,9,2,4,7,8,7,3,5,7,5,7,3
14,14,19,19,11,10,17,11,14,17,15,15,18,19,20,15,19,11,12,17,20,10,10,10,17,16,10,11,19,13,20,17,18,15,20,12,20,18,15,16

The delivery time window of orders:
580,534,386,471,422,333,426,629,401,509,620,390,369,547,330,547,609,382,378,552,467,646,451,596,468,337,416,475,459,390,592,588,454,391,363,472,632,567,644,328
818,801,955,853,942,765,968,844,700,681,969,732,914,725,912,847,747,653,852,965,856,911,860,852,837,660,829,671,813,852,965,691,826,706,664,899,883,876,728,810

the loading and unloading time of each order:
5,4,4,5,3,4,4,3,5,4,3,4,5,5,3,5,4,4,3,4,3,5,4,5,4,3,4,4,3,3,4,3,4,4,4,4,4,4,5,5

The optional processing speed set of each order:
(where rows denote orders: 1 to 40)
1,2,4,5
1,2,3,4,5
1,2,3,4,5
1,2,3,4,5
5
1,3,5
3
1,2
1,2,3,4,5
2,3,4,5
1,2,4,5
1,2,3,4,5
1,5
1,4,5
1,2,3,4,5
1,2,4,5
1,4
2,4,5
2,3,4,5
2,3,4,5
2,3,4,5
1,2,3,5
5
1
1,2,3,4,5
4
1,2,3,4
3,4
4
2,5
1,2,3,4,5
1,3,4,5
1,3,4,5
1,4,5
1,2,4,5
5
1,2,3,4
1,3
1,2,3,4,5
1,2

The customer order set:
(where rows denote customers: 1 to 11)
3
36,30,35
31,37,25,38,22,13,1,11,12,5,17,18,19,9
16
6
28
33,39
10,4,14
15,29,2,23,27
32,7,40,34,24,20
8,26,21

