The number of jobs:
80
The number of machines:
10
The number of vehicles:
6
The number of customers:
21

The processing time of each order processed on different machines:
(where rows denote machines: 1 to 10 and columns denote orders: 1 to 
80)
22,24,30,45,43,29,39,37,35,40,50,26,26,32,42,33,22,23,35,30,24,39,43,36,22,29,26,45,30,39,46,28,31,20,30,42,30,47,36,23,39,23,45,39,48,25,46,37,33,21,22,28,46,48,37,31,38,37,36,42,44,47,44,34,30,33,21,42,39,29,31,24,49,47,38,34,39,42,23,42
30,32,26,40,36,25,41,47,26,24,34,22,25,29,32,36,47,27,38,34,23,24,25,40,47,41,23,46,31,39,24,26,28,37,47,44,46,25,49,48,32,20,42,20,35,36,44,41,38,28,39,27,50,44,24,43,41,25,26,42,46,32,29,43,45,43,42,39,37,35,43,50,47,42,21,37,50,29,38,27
47,43,30,48,20,50,47,46,24,44,36,41,34,21,33,50,37,29,49,23,46,30,41,46,26,27,20,41,29,21,36,38,35,48,26,33,35,42,42,48,44,32,35,41,47,24,24,25,50,43,23,23,23,29,29,45,46,30,30,37,42,24,40,26,45,40,26,22,21,22,46,46,28,34,50,32,28,30,33,47
23,23,44,46,34,47,22,45,37,25,28,23,23,44,45,29,46,41,38,31,35,32,22,34,36,50,48,27,25,46,49,36,36,33,50,23,21,47,36,41,27,38,28,26,28,36,33,27,24,49,48,47,41,42,38,26,20,42,37,33,28,26,49,34,45,45,23,41,46,34,41,46,37,35,50,48,30,22,27,22
43,20,39,47,40,32,46,27,33,42,35,32,44,34,32,41,34,43,35,45,46,34,36,42,33,28,36,24,31,31,35,32,31,38,27,47,46,28,22,45,49,36,21,21,28,35,22,24,48,48,42,32,33,29,39,20,37,47,36,40,24,45,46,48,43,47,50,35,24,43,25,22,31,35,26,28,26,45,21,26
39,20,40,33,21,32,49,42,25,42,42,48,45,37,39,33,39,21,35,40,27,30,44,50,47,29,49,32,30,35,45,37,50,31,37,26,22,36,41,22,21,24,45,31,30,35,24,37,46,27,20,27,40,21,27,44,34,43,26,33,38,21,45,37,30,48,42,33,43,24,50,42,46,34,48,36,20,31,42,47
46,25,44,40,40,25,25,37,37,49,41,37,27,40,31,48,21,33,48,29,31,32,34,25,42,43,43,32,23,34,43,37,40,41,30,21,20,30,40,26,33,47,26,41,32,31,40,32,24,38,35,35,46,37,33,22,50,36,39,41,50,42,44,42,46,47,39,29,47,50,24,33,21,20,24,50,21,40,47,29
29,39,46,34,29,24,31,43,39,43,49,31,20,27,46,43,20,35,33,35,32,38,36,34,49,50,44,31,40,38,20,34,23,33,25,42,29,23,45,32,49,39,21,39,47,39,25,50,33,24,41,24,40,27,50,26,32,43,46,28,47,33,37,25,32,23,42,50,31,24,39,44,36,21,22,46,26,20,31,50
29,26,39,50,25,22,24,32,39,48,43,25,45,37,37,21,39,40,46,32,27,33,47,26,47,48,22,39,42,40,21,32,22,49,49,48,31,21,39,43,49,28,45,23,32,47,41,45,36,27,46,47,20,40,23,24,35,42,40,36,20,41,46,36,36,23,39,36,27,35,40,45,35,24,22,31,21,23,23,46
34,24,30,38,30,47,50,44,39,45,49,39,40,45,24,37,28,46,24,24,27,34,34,42,45,22,38,48,44,49,50,29,41,37,34,32,22,28,25,40,31,50,27,34,21,44,37,33,27,21,38,48,38,50,38,45,27,43,46,46,49,44,36,47,28,48,36,32,38,42,48,31,22,48,37,47,50,45,30,26

The processing power of each machine:
(where rows denote machines: 1 to 10 and columns denote speed level: 1 to 
5)
2,3,4,8,9
1,2,4,5,9
3,5,8,12,15
1,4,5,6,7
1,5,7,10,12
1,2,5,8,9
2,3,5,7,9
1,3,4,6,8
1,3,7,9,12
2,5,7,10,12

The distance between each location:
(where rows and columns denote locations: 0 to 21)
0,83,100,84,85,82,106,7,112,75,89,58,86,84,79,102,18,113,93,20,40,62
83,0,126,42,35,82,188,76,123,95,173,93,59,42,158,109,102,144,174,103,113,27
100,126,0,156,152,174,162,100,210,31,137,157,73,156,100,198,103,18,121,108,76,125
84,42,156,0,7,44,179,78,82,125,168,65,98,0,163,69,101,173,176,99,122,31
85,35,152,7,0,51,182,78,90,121,170,70,92,7,164,76,102,169,177,101,122,27
82,82,174,44,51,0,154,78,41,144,149,33,130,44,154,27,92,189,162,89,122,60
106,188,162,179,182,154,0,113,159,155,25,121,185,179,64,157,88,164,47,86,93,164
7,76,100,78,78,78,113,0,111,73,96,57,81,78,85,99,25,113,99,27,45,55
112,123,210,82,90,41,159,111,0,181,160,54,170,82,174,14,118,224,177,114,149,101
75,95,31,125,121,144,155,73,181,0,131,130,47,125,99,169,82,49,120,87,62,94
89,173,137,168,170,149,25,96,160,131,0,116,164,168,39,156,71,138,24,70,70,150
58,93,157,65,70,33,121,57,54,130,116,0,126,65,123,45,64,171,130,60,95,66
86,59,73,98,92,130,185,81,170,47,164,126,0,98,137,156,101,91,157,104,94,70
84,42,156,0,7,44,179,78,82,125,168,65,98,0,163,69,101,173,176,99,122,31
79,158,100,163,164,154,64,85,174,99,39,123,137,163,0,167,63,100,21,65,45,140
102,109,198,69,76,27,157,99,14,169,156,45,156,69,167,0,109,212,172,105,140,87
18,102,103,101,102,92,88,25,118,82,71,64,101,101,63,109,0,113,75,5,32,80
113,144,18,173,169,189,164,113,224,49,138,171,91,173,100,212,113,0,120,118,84,142
93,174,121,176,177,162,47,99,177,120,24,130,157,176,21,172,75,120,0,76,64,154
20,103,108,99,101,89,86,27,114,87,70,60,104,99,65,105,5,118,76,0,37,80
40,113,76,122,122,122,93,45,149,62,70,95,94,122,45,140,32,84,64,37,0,96
62,27,125,31,27,60,164,55,101,94,150,66,70,31,140,87,80,142,154,80,96,0

The weight of each order:
16,20,11,10,14,15,20,17,10,13,19,12,13,18,15,13,11,13,15,14,18,20,11,11,10,20,10,20,20,16,17,15,14,18,13,19,13,11,10,19,18,13,16,13,14,20,10,11,15,15,19,11,14,17,13,20,18,19,20,15,12,14,18,15,12,18,10,15,14,19,15,20,10,10,13,11,17,16,17,12

The earliness and tardiness  penalty factors:
(where row 1 and 2 denote unit earliness and tardiness  penalty cost of orders respectively.)
2,9,1,2,1,9,4,10,1,9,3,3,6,9,7,4,10,5,1,1,1,9,10,2,5,9,4,4,9,6,8,6,4,10,8,1,9,10,5,7,8,2,10,3,3,10,2,2,4,6,9,3,6,6,6,1,1,8,9,8,2,10,3,7,4,1,9,7,2,2,6,7,4,8,9,4,6,6,10,5
16,17,13,17,13,16,15,13,14,18,14,13,12,12,14,16,12,15,15,20,18,14,14,20,16,18,14,15,13,11,14,13,10,12,19,20,15,14,15,14,10,13,14,17,15,15,19,19,16,19,18,10,16,15,16,10,12,16,17,18,18,20,20,16,16,16,18,20,16,12,12,15,12,13,12,12,12,16,18,17

The delivery time window of orders:
860,645,869,620,485,480,626,542,543,483,747,537,784,566,745,692,460,712,522,459,777,737,603,833,632,564,880,726,778,683,527,575,794,529,494,451,802,573,522,499,640,695,653,679,707,678,829,567,466,529,664,745,814,499,527,687,480,566,493,655,494,651,818,875,490,703,778,732,586,705,661,862,565,724,606,713,577,756,597,547
1239,954,900,894,1077,918,1077,973,1133,1264,1180,1217,1255,1287,919,973,1109,898,1301,1016,1208,954,1134,1239,1326,1250,1057,1011,1115,1030,1020,909,1294,950,1032,1184,1274,1093,1173,1318,1107,1025,1323,1235,951,954,994,1127,1121,1188,1294,1178,999,1043,1271,1088,899,1279,901,1296,1085,1033,1056,892,1131,1327,893,944,1106,1002,1117,917,1148,1012,973,1228,890,1204,1018,893

the loading and unloading time of each order:
4,5,3,3,4,4,5,4,3,3,5,3,3,5,4,3,3,3,4,4,5,5,3,3,3,5,3,5,5,4,4,4,4,5,3,5,3,3,3,5,5,3,4,3,4,5,3,3,4,4,5,3,4,4,3,5,5,5,5,4,3,4,5,4,3,5,3,4,4,5,4,5,3,3,3,3,4,4,4,3

The optional processing speed set of each order:
(where rows denote orders: 1 to 80)
1,2,3,4,5
1
1,2,3,4,5
1,2,3
1,2,3,4,5
2,5
1,2,3,4,5
2,4,5
2,4
3,4
1,4
2
1,3,4
1,2,3,4,5
4
2
2
3,5
1,2,3,4,5
2
1,3,4,5
1,2,3,5
4
3
1
4
1,2,4,5
1,2,3,4,5
1,3,4,5
3,5
3,4,5
2,4,5
2,3,4
2,3,4
5
1,3,5
1,2,3,4,5
1
3,5
1,2,3,4,5
1,2,3,4
2,4,5
4,5
2,4,5
1
1,2,3,4,5
1,4,5
3,4,5
1,2,4,5
2,3,4,5
1,2,3,4,5
1,2,3,4,5
1,2,4,5
1,2,3,4,5
2,3,4,5
3,5
2,4
1,2,3,5
1,3,4,5
2,4,5
1,2,3,4,5
1,3,4
2,4,5
1,3,4,5
2,3,4,5
1,2,3,4
2
1,3
1,2,3,4,5
4,5
1,2,3,4
1,2
2,5
1,2,4,5
3,4,5
1,2,4,5
1,2,3,4,5
1,3
1,2,3,4
1,2,3,4,5

The customer order set:
(where rows denote customers: 1 to 21)
12,80
26,25
43,1,19,4,33,66,60,41,47,49,28,58
35
7,40
38,39,16,48,21,29,42
55,37,56,72
30,53,51,67,71,13,31
62,3,76,57,36,70,63
65,34,79,17
74,46,45
77,59,32
24,68
61,69,64
2
75,44
14,5,27,18,9,50
6
15,11,52,10,23,20,73
54
78,8,22

