The number of jobs:
40
The number of machines:
5
The number of vehicles:
2
The number of customers:
11

The processing time of each order processed on different machines:
(where rows denote machines: 1 to 5 and columns denote orders: 1 to 
40)
50,31,50,36,42,28,49,48,24,22,26,36,34,28,48,30,36,22,33,41,22,37,33,20,43,37,20,30,39,24,20,38,39,38,30,45,32,47,20,45
30,29,29,27,45,27,32,40,47,50,36,21,48,29,21,27,22,38,35,47,26,40,49,46,38,38,35,40,31,27,36,34,49,22,26,25,45,29,37,47
47,32,22,46,27,21,46,22,25,21,37,47,29,40,26,21,39,36,50,32,49,50,26,46,41,26,38,20,42,36,42,36,46,29,20,25,48,47,46,27
26,30,33,38,31,49,30,37,24,39,38,30,20,42,31,33,23,48,29,20,48,40,33,43,21,26,43,27,46,25,29,50,32,49,50,28,47,45,40,40
27,23,49,44,28,35,21,32,28,28,48,28,43,39,30,25,33,50,40,43,24,31,20,27,46,48,30,22,38,26,34,45,20,50,33,34,40,29,32,44

The processing power of each machine:
(where rows denote machines: 1 to 5 and columns denote speed level: 1 to 
5)
4,5,6,8,9
2,3,4,5,7
1,2,3,7,10
1,2,5,8,9
3,4,6,9,10

The distance between each location:
(where rows and columns denote locations: 0 to 11)
0,51,91,104,83,98,62,115,90,62,44,108
51,0,126,155,43,112,91,72,140,105,90,160
91,126,0,110,128,182,141,198,115,122,52,105
104,155,110,0,184,129,96,210,22,65,81,10
83,43,128,184,0,155,133,90,173,143,109,188
98,112,182,129,155,0,41,118,107,68,130,139
62,91,141,96,133,41,0,122,74,31,89,105
115,72,198,210,90,118,122,0,191,149,159,216
90,140,115,22,173,107,74,191,0,43,77,32
62,105,122,65,143,68,31,149,43,0,72,73
44,90,52,81,109,130,89,159,77,72,0,82
108,160,105,10,188,139,105,216,32,73,82,0

The weight of each order:
17,18,16,16,12,19,11,13,19,18,11,20,19,12,15,13,17,12,17,18,11,16,12,10,12,20,10,13,17,12,13,13,16,14,15,20,10,14,11,12

The earliness and tardiness  penalty factors:
(where row 1 and 2 denote unit earliness and tardiness  penalty cost of orders respectively.)
7,1,6,4,10,7,3,4,4,9,4,6,6,6,4,6,6,7,10,8,8,7,5,5,5,5,7,9,7,7,7,1,5,4,3,10,9,2,2,1
20,11,16,16,18,19,15,16,11,11,15,17,18,13,10,14,15,10,16,14,13,16,13,19,18,10,19,16,11,17,15,15,11,19,18,13,13,18,17,14

The delivery time window of orders:
587,604,510,448,337,601,446,508,316,498,521,455,534,412,477,457,541,504,536,546,309,526,496,558,354,604,551,496,525,378,516,489,307,602,583,450,490,396,537,405
683,725,626,789,691,652,807,889,890,708,893,737,788,675,908,907,682,841,621,784,822,770,758,682,724,674,783,906,651,642,791,751,885,818,613,665,852,880,696,852

the loading and unloading time of each order:
4,5,4,4,3,5,3,3,5,5,3,5,5,3,4,3,4,3,4,5,3,4,3,3,3,5,3,3,4,3,3,3,4,4,4,5,3,4,3,3

The optional processing speed set of each order:
(where rows denote orders: 1 to 40)
3
3,5
5
1,3,4,5
2,4,5
1,3
1,2,3,4,5
1,2,3,4,5
1,2,3,4,5
2,3,4,5
1,3,4
2,3,4,5
1,3,4
2
1,2,3,5
1,2,3,4,5
3,4
1,2,4
1,3,5
5
2,3,4
1,2,3,4,5
2,3
3,5
1,3,4,5
3,5
1,2,3,4,5
1
2
4
5
1,3,4,5
5
3
1,3,4
4
1,2,4,5
2
1,2
1,2,3,4,5

The customer order set:
(where rows denote customers: 1 to 11)
36,25,9,21
28,8,10,30,7
17,40
34,20
6,24,4,12,18
37,16,35,22
15,3,33
38,2
29,27,5,23,13,11
26,39,31,14
1,32,19

