The number of jobs:
40
The number of machines:
5
The number of vehicles:
2
The number of customers:
10

The processing time of each order processed on different machines:
(where rows denote machines: 1 to 5 and columns denote orders: 1 to 
40)
44,34,48,43,36,26,37,23,49,43,33,35,28,20,45,44,42,21,39,37,20,50,48,43,42,35,21,43,27,34,28,20,40,32,33,26,44,41,22,46
32,21,32,48,36,38,42,32,29,50,47,23,47,39,49,33,33,47,47,35,29,30,35,24,21,47,22,25,40,29,46,42,21,42,41,48,48,29,34,24
22,36,24,30,30,35,40,20,42,42,27,49,23,24,24,48,24,23,31,45,49,45,22,38,26,38,48,32,49,42,22,24,46,29,43,47,35,34,41,29
40,48,44,42,41,38,39,31,39,22,26,29,47,26,27,45,33,49,38,36,40,30,50,32,49,44,49,35,23,37,39,40,44,45,25,37,23,45,29,43
48,50,21,46,41,35,29,29,48,50,50,40,24,25,49,27,26,45,33,43,24,22,25,26,36,27,50,21,44,42,42,32,36,33,25,37,29,27,38,41

The processing power of each machine:
(where rows denote machines: 1 to 5 and columns denote speed level: 1 to 
5)
2,3,4,8,10
5,6,8,12,14
3,4,5,7,9
1,3,6,7,10
1,3,5,7,9

The distance between each location:
(where rows and columns denote locations: 0 to 10)
0,57,40,96,95,84,95,61,40,62,88
57,0,45,68,112,118,125,78,70,91,99
40,45,0,108,69,123,134,94,76,46,57
96,68,108,0,177,100,101,61,74,150,165
95,112,69,177,0,175,187,155,135,35,15
84,118,123,100,175,0,12,42,49,140,170
95,125,134,101,187,12,0,48,58,152,182
61,78,94,61,155,42,48,0,21,122,147
40,70,76,74,135,49,58,21,0,102,128
62,91,46,150,35,140,152,122,102,0,33
88,99,57,165,15,170,182,147,128,33,0

The weight of each order:
15,11,17,15,20,13,12,10,10,11,12,14,19,11,16,16,14,11,19,18,17,12,20,17,12,12,17,11,11,19,12,10,13,17,16,10,14,20,18,12

The earliness and tardiness  penalty factors:
(where row 1 and 2 denote unit earliness and tardiness  penalty cost of orders respectively.)
2,6,6,9,3,2,7,4,8,2,5,4,2,4,1,4,3,4,3,5,10,4,5,4,4,6,5,6,2,10,8,9,5,6,5,8,3,2,9,3
19,14,14,19,13,18,19,15,13,18,19,13,11,14,17,14,18,17,10,10,16,20,11,16,14,18,16,20,17,12,10,11,20,20,19,18,16,10,18,15

The delivery time window of orders:
413,552,361,331,294,354,518,303,540,394,344,374,316,348,382,470,461,377,309,432,444,499,555,288,333,550,310,388,366,343,389,369,312,322,422,437,385,454,385,525
821,648,583,679,708,668,774,659,644,789,695,784,706,602,739,703,767,655,782,825,582,787,772,825,642,810,803,803,600,755,827,657,647,733,812,786,625,818,772,593

the loading and unloading time of each order:
4,3,4,4,5,3,3,3,3,3,3,4,5,3,4,4,4,3,5,5,4,3,5,4,3,3,4,3,3,5,3,3,3,4,4,3,4,5,5,3

The optional processing speed set of each order:
(where rows denote orders: 1 to 40)
2,4
1,3,5
1,2,3,4,5
3
1
3
2,3
1,2,3,4,5
1,5
2,3,4
1,3,4,5
5
1,2,3,4,5
3,4,5
3,4,5
1,2,3,5
1,3,4,5
1,3,4
5
3
1,2,3,4
5
1
2,3
1,2,3,5
1
1,3,4
1
2,5
5
2,4,5
1,2,3
1,2,3,5
1,4,5
3,5
1,3,4,5
1,2,3,4,5
3,5
1,5
5

The customer order set:
(where rows denote customers: 1 to 10)
16,19,39
14,20,15
6
36,28,7,13,29,32,34,23
4,27,11,26,22,35,30
1
10,8
18,9,5,2,3,37
17,24,21
38,25,12,40,31,33

