The number of jobs:
80
The number of machines:
9
The number of vehicles:
6
The number of customers:
20

The processing time of each order processed on different machines:
(where rows denote machines: 1 to 9 and columns denote orders: 1 to 
80)
24,34,45,26,20,29,44,26,45,27,43,21,26,28,24,42,36,48,35,46,41,26,41,36,42,25,37,35,46,48,24,47,43,26,20,49,43,47,20,36,45,40,48,31,29,45,48,44,40,35,43,21,22,28,46,38,47,31,30,32,34,49,49,28,45,32,48,37,49,26,29,43,25,20,48,20,33,32,25,27
38,38,31,37,21,20,20,22,38,27,44,38,27,50,45,23,31,20,38,46,31,49,31,25,33,24,25,38,50,32,41,28,36,29,32,36,38,23,50,38,42,45,21,40,24,35,22,37,26,29,46,25,44,42,33,50,20,38,32,49,27,33,48,43,33,49,29,26,34,40,50,41,47,37,34,27,28,37,20,26
48,48,34,23,22,34,20,40,43,24,24,43,21,31,27,49,32,44,33,49,34,28,27,40,29,31,25,50,21,28,49,39,32,25,23,41,42,50,33,48,35,38,40,25,39,47,49,27,38,50,45,44,31,20,40,29,27,49,47,41,20,34,31,30,21,48,35,28,41,32,48,27,30,29,47,32,24,25,22,22
25,48,27,43,35,47,31,47,22,45,32,48,29,29,50,25,24,26,23,35,24,25,29,31,48,45,22,46,29,22,29,39,23,46,33,43,40,26,29,33,42,47,23,44,21,31,30,42,23,50,45,44,34,20,26,29,40,43,32,26,21,30,46,38,42,28,23,49,32,27,50,32,50,47,40,37,23,48,29,48
33,41,42,46,26,48,50,26,25,46,44,37,46,43,23,22,33,44,26,39,29,37,47,31,44,48,30,36,37,27,35,35,38,29,33,37,36,27,46,35,44,31,25,36,25,22,50,27,27,45,46,21,33,22,50,38,34,25,23,36,47,35,31,31,50,21,34,26,40,46,37,43,41,37,29,26,29,33,24,35
36,29,48,27,29,44,23,37,47,46,25,41,24,38,35,23,34,40,29,29,24,45,31,38,24,44,40,43,45,44,37,46,37,47,43,45,34,50,21,30,41,45,37,50,45,32,43,35,33,26,20,29,26,48,44,31,27,29,47,46,32,38,34,46,44,31,30,45,31,44,37,36,36,32,44,26,22,42,22,40
32,28,36,47,42,47,40,32,29,32,45,32,34,39,40,26,27,41,40,38,31,36,29,28,44,47,40,38,21,24,41,48,36,47,22,33,29,36,41,30,20,23,34,31,25,45,45,24,40,22,20,43,49,33,30,23,39,31,21,35,44,30,28,20,23,40,50,31,50,24,43,43,34,29,38,29,39,23,50,31
38,49,21,37,50,42,41,49,41,24,33,38,28,24,41,23,28,50,23,30,40,40,47,28,43,47,34,45,26,45,20,41,45,42,32,20,26,24,38,48,40,28,47,40,32,38,29,37,49,33,37,40,32,46,42,20,34,38,23,20,22,37,45,47,46,37,48,34,47,41,20,28,49,24,47,31,28,41,47,20
33,25,28,31,43,34,34,28,25,44,44,27,33,49,42,22,48,31,25,37,39,33,43,23,49,22,25,32,40,37,32,22,42,47,43,38,27,39,22,27,39,28,49,42,30,28,20,44,50,22,34,21,35,41,44,42,40,50,27,34,22,48,50,32,20,47,29,46,46,41,48,47,46,44,37,43,48,32,22,49

The processing power of each machine:
(where rows denote machines: 1 to 9 and columns denote speed level: 1 to 
5)
3,4,6,7,8
1,2,3,4,9
3,5,6,7,8
4,6,8,10,11
2,6,8,11,12
2,3,5,9,10
3,4,5,7,8
1,2,3,5,8
1,5,7,10,11

The distance between each location:
(where rows and columns denote locations: 0 to 20)
0,49,86,123,95,33,13,38,96,88,103,99,78,80,99,96,56,89,62,67,81
49,0,126,147,143,72,39,58,121,94,94,141,32,126,148,141,69,94,103,63,57
86,126,0,61,93,99,90,70,45,165,186,120,158,95,87,26,71,166,105,92,166
123,147,61,0,154,147,122,91,28,211,226,180,179,155,148,82,78,212,161,91,199
95,143,93,154,0,74,108,117,135,120,148,33,166,20,11,76,131,121,50,151,151
33,72,99,147,74,0,45,70,121,66,88,69,92,55,81,101,88,67,31,101,79
13,39,90,122,108,45,0,32,94,94,105,112,69,93,111,103,49,94,74,57,78
38,58,70,91,117,70,32,0,64,125,137,128,90,106,117,89,18,126,95,34,108
96,121,45,28,135,121,94,64,0,184,199,158,153,133,130,70,53,184,136,68,172
88,94,165,211,120,66,94,125,184,0,29,97,91,100,130,166,143,1,72,148,53
103,94,186,226,148,88,105,137,199,29,0,127,81,129,158,189,153,28,99,154,40
99,141,120,180,33,69,112,128,158,97,127,0,159,25,43,106,145,98,39,162,136
78,32,158,179,166,92,69,90,153,91,81,159,0,148,172,172,100,90,121,91,41
80,126,95,155,20,55,93,106,133,100,129,25,148,0,29,83,121,101,30,140,131
99,148,87,148,11,81,111,117,130,130,158,43,172,29,0,68,130,131,59,151,159
96,141,26,82,76,101,103,89,70,166,189,106,172,83,68,0,93,167,100,115,175
56,69,71,78,131,88,49,18,53,143,153,145,100,121,130,93,0,143,113,22,122
89,94,166,212,121,67,94,126,184,1,28,98,90,101,131,167,143,0,73,148,52
62,103,105,161,50,31,74,95,136,72,99,39,121,30,59,100,113,73,0,128,101
67,63,92,91,151,101,57,34,68,148,154,162,91,140,151,115,22,148,128,0,120
81,57,166,199,151,79,78,108,172,53,40,136,41,131,159,175,122,52,101,120,0

The weight of each order:
16,12,13,15,18,11,15,14,11,20,11,14,11,18,20,10,19,13,19,20,16,11,16,15,10,15,15,15,19,11,19,12,13,10,11,12,18,15,15,17,11,15,15,20,11,15,19,17,15,12,11,11,17,11,17,10,20,14,16,11,16,16,10,20,16,16,12,13,15,18,19,20,18,19,15,17,12,12,17,16

The earliness and tardiness  penalty factors:
(where row 1 and 2 denote unit earliness and tardiness  penalty cost of orders respectively.)
5,7,9,1,10,10,8,7,6,10,9,3,3,9,5,4,6,7,5,5,10,6,6,3,2,4,7,8,9,4,10,6,2,1,1,1,3,10,6,9,8,7,2,5,8,5,3,1,10,8,9,5,8,1,5,1,8,3,7,2,3,6,1,1,10,8,5,9,8,9,8,9,4,4,3,5,8,2,8,9
10,10,14,15,19,13,18,20,19,17,12,10,13,19,17,20,10,13,15,15,16,20,20,10,15,12,15,10,17,10,11,13,19,12,19,19,17,11,20,10,12,20,16,13,11,10,16,10,20,17,13,15,18,19,13,19,15,18,16,11,19,10,17,18,18,17,20,17,18,11,17,20,17,11,18,18,13,13,14,19

The delivery time window of orders:
736,530,501,513,909,613,720,866,660,736,777,479,507,816,765,538,905,623,913,490,540,474,781,703,838,920,822,801,484,911,737,915,552,894,712,878,816,509,648,502,524,486,726,533,488,648,681,557,547,821,744,885,746,660,639,901,925,555,922,903,586,511,644,773,639,815,665,730,608,711,845,523,768,814,707,548,487,659,594,602
1134,1060,1249,1370,1261,986,1145,1196,1178,960,1201,1191,1275,964,1089,962,1335,993,1313,1071,1133,1243,1329,1058,1032,1176,1102,972,1328,1122,991,1119,1128,1019,957,1379,1271,1180,1348,1009,1112,1027,1300,1093,1084,1272,1253,1200,1062,1124,1034,1063,1111,1361,1218,1345,1307,1044,1104,984,1302,1370,1155,934,1338,1374,1216,1137,1175,1099,1337,1369,1320,1305,1198,1030,1027,1072,1268,1142

the loading and unloading time of each order:
4,3,3,4,5,3,4,4,3,5,3,4,3,5,5,3,5,3,5,5,4,3,4,4,3,4,4,4,5,3,5,3,3,3,3,3,5,4,4,4,3,4,4,5,3,4,5,4,4,3,3,3,4,3,4,3,5,4,4,3,4,4,3,5,4,4,3,3,4,5,5,5,5,5,4,4,3,3,4,4

The optional processing speed set of each order:
(where rows denote orders: 1 to 80)
1,2,3,4,5
5
5
1,2,4,5
1,2,3,4
1,2,3,5
5
1,2,3,4,5
1,2,3,4,5
1,2,3,4,5
4,5
3
4
1,2,3,4
1,2,3,4,5
5
1,2,3,4,5
1,2,4,5
3
1,2,3,4
1,2,3,4
1
3,4,5
1,5
5
1,2,3,4,5
2,3,5
1,2,3
1,3,5
1,2,4,5
1,2,4,5
2,3,4,5
1,2,3,4,5
2,4
1,2,4,5
2,5
2
1,2,3,4,5
2
5
1,2,3,5
4,5
1,2,3,5
1,2,3,4,5
1,2,3
1,2,3,4,5
1,2,3,4,5
1,2,3
1
4,5
2,4
2,4
1,3,4,5
1,2,3,4,5
3,4
3,4,5
1,2,5
1,2,3
1,3
1,2,3,4
3,4,5
2,3,4,5
1,2,3,4,5
1,2,3,4,5
1,4,5
1
5
1,2,3,4,5
2,4
5
5
2
2
1,2,4,5
1,2,3,4,5
1,5
1,2,3,5
1,2,3,4,5
3,4,5
1,2,4,5

The customer order set:
(where rows denote customers: 1 to 20)
80
71,18,53,13,31,46,37,36,58,45,68
20,28,52,27,47
42,3,57
2
34,5,30,78,26,7
65,32
74
59,22,51,56,72,38,40
16
15,25,29
66,9,54
55,14,23
79,35,64,10,6,62,41,75,77,61,69,67,8,48
63
12,39,11,70,76
24
1,60,17
21,49
33,50,44,4,43,19,73

