The number of jobs:
80
The number of machines:
10
The number of vehicles:
5
The number of customers:
20

The processing time of each order processed on different machines:
(where rows denote machines: 1 to 10 and columns denote orders: 1 to 
80)
43,46,28,22,45,39,36,27,28,46,27,49,47,26,21,48,46,37,32,34,38,40,32,37,39,33,25,44,36,49,30,32,20,24,34,22,21,28,24,35,20,30,40,35,45,30,27,31,32,27,50,41,29,25,32,44,27,40,32,40,21,32,47,46,32,31,43,43,36,22,27,40,34,47,42,49,50,25,25,31
38,48,20,48,25,20,34,48,25,30,34,45,25,49,29,39,27,22,48,28,23,28,20,36,27,50,26,27,28,44,32,35,35,22,43,36,48,41,21,42,20,28,42,24,50,42,43,36,44,48,50,39,41,30,34,44,44,38,44,47,45,50,37,35,21,44,47,37,26,36,36,24,30,21,39,50,35,44,23,33
37,34,29,38,37,48,44,22,43,40,48,28,34,50,26,34,28,40,48,45,50,42,26,27,44,37,46,30,33,43,34,34,22,20,41,25,33,44,42,40,49,24,41,43,23,24,31,34,46,42,29,42,37,37,49,31,23,29,35,46,36,34,26,25,49,44,33,25,34,48,32,31,25,37,30,21,20,38,50,25
40,46,34,25,34,31,33,34,31,23,24,48,26,40,47,30,34,46,47,37,45,41,33,22,23,32,20,28,40,37,31,20,41,45,21,31,20,47,45,21,44,48,24,21,30,20,30,37,50,44,40,45,31,37,40,44,29,23,26,50,39,42,46,40,20,43,42,37,46,41,50,39,45,41,50,22,50,25,36,45
48,34,39,28,20,48,30,36,37,35,29,27,33,47,50,21,37,26,26,38,36,41,44,42,37,40,30,50,46,45,49,28,39,22,34,23,21,47,37,27,42,48,33,33,39,40,29,28,21,31,41,23,22,22,39,39,30,40,31,50,35,30,41,39,50,50,43,47,50,46,49,30,36,31,39,50,37,21,44,24
26,30,30,38,31,49,49,33,31,39,26,45,43,27,27,45,27,23,42,45,49,38,39,49,37,22,21,46,47,49,48,31,47,37,25,50,47,20,33,45,40,33,43,22,31,49,49,33,22,31,21,32,34,39,31,44,50,47,23,34,20,50,41,24,28,49,39,38,23,41,37,36,41,27,46,35,38,37,49,23
42,48,33,44,27,29,48,34,27,22,33,34,47,49,31,50,22,22,49,41,40,34,24,42,20,45,47,24,23,20,27,46,29,47,40,37,48,35,49,33,29,22,44,46,39,22,28,26,29,28,33,49,31,21,48,36,28,36,49,41,49,27,37,36,46,31,49,20,38,36,26,21,24,20,38,37,38,26,45,29
22,28,47,30,24,39,39,47,31,42,35,49,47,25,46,45,34,47,45,29,21,21,25,47,37,47,33,44,29,20,23,29,24,32,45,32,37,41,46,46,32,21,26,36,45,42,26,38,45,22,43,27,21,22,28,26,24,37,25,20,20,35,28,36,48,29,23,43,38,35,31,28,28,42,47,48,34,43,39,39
38,30,36,24,43,40,36,44,23,24,44,46,24,40,36,20,41,43,35,48,24,26,20,45,48,22,40,23,39,29,47,30,42,50,22,33,28,42,22,21,42,27,27,41,27,38,22,47,35,39,40,28,31,24,36,27,36,50,20,34,42,47,47,39,40,43,39,34,25,37,40,24,45,34,21,22,27,25,33,20
23,45,32,23,49,20,35,25,48,21,45,43,28,46,39,42,32,27,48,33,41,21,46,47,49,44,25,25,29,29,20,47,44,31,39,45,22,47,49,24,38,24,48,40,22,22,47,26,26,41,36,32,22,35,31,27,41,24,48,39,44,22,24,48,43,28,48,20,36,43,35,32,21,29,48,38,34,29,48,48

The processing power of each machine:
(where rows denote machines: 1 to 10 and columns denote speed level: 1 to 
5)
2,4,6,7,8
2,3,4,7,8
3,4,5,6,10
2,3,4,6,8
1,4,5,6,9
1,4,5,6,8
2,3,6,9,10
1,2,5,8,9
1,5,7,9,10
1,3,5,6,7

The distance between each location:
(where rows and columns denote locations: 0 to 20)
0,62,107,69,126,78,73,75,106,81,112,120,89,99,105,73,46,69,87,85,61
62,0,116,12,64,105,78,17,54,93,49,182,37,97,135,130,82,104,129,122,100
107,116,0,108,144,37,175,132,106,185,145,178,153,199,211,101,64,176,64,191,168
69,12,108,0,57,101,90,24,42,105,46,188,45,109,147,132,82,115,128,133,111
126,64,144,57,0,148,128,57,38,144,20,245,60,139,190,188,136,163,179,180,161
78,105,37,101,148,0,150,122,113,159,144,142,142,175,179,65,32,144,33,158,136
73,78,175,90,128,150,0,74,131,16,108,156,69,26,62,139,119,43,160,57,46
75,17,132,24,57,122,74,0,58,90,39,193,21,89,135,145,99,106,146,124,104
106,54,106,42,38,113,131,58,0,146,44,224,72,147,189,160,105,157,145,175,153
81,93,185,105,144,159,16,90,146,0,125,150,85,24,47,141,127,34,166,44,39
112,49,145,46,20,144,108,39,44,125,0,231,40,119,171,178,127,144,172,161,142
120,182,178,188,245,142,156,193,224,150,231,0,204,174,128,77,126,116,117,112,111
89,37,153,45,60,142,69,21,72,85,40,204,0,79,131,161,118,107,165,123,106
99,97,199,109,139,175,26,89,147,24,119,174,79,0,62,163,144,57,186,66,64
105,135,211,147,190,179,62,135,189,47,171,128,131,62,0,144,148,36,178,22,43
73,130,101,132,188,65,139,145,160,141,178,77,161,163,144,0,55,115,42,123,106
46,82,64,82,136,32,119,99,105,127,127,126,118,144,148,55,0,113,47,127,105
69,104,176,115,163,144,43,106,157,34,144,116,107,57,36,115,113,0,145,18,9
87,129,64,128,179,33,160,146,145,166,172,117,165,186,178,42,47,145,0,156,137
85,122,191,133,180,158,57,124,175,44,161,112,123,66,22,123,127,18,156,0,24
61,100,168,111,161,136,46,104,153,39,142,111,106,64,43,106,105,9,137,24,0

The weight of each order:
16,19,13,12,18,16,12,14,11,11,17,19,16,20,15,12,13,20,15,15,14,17,17,12,20,12,12,16,12,11,12,19,11,18,10,16,12,10,14,17,20,10,10,12,11,10,11,19,19,19,16,14,19,10,16,13,17,17,20,12,15,10,11,19,10,11,16,13,20,18,15,14,15,19,11,12,14,12,10,14

The earliness and tardiness  penalty factors:
(where row 1 and 2 denote unit earliness and tardiness  penalty cost of orders respectively.)
3,1,5,8,2,8,4,1,5,1,3,5,9,8,2,7,2,9,1,10,3,9,1,3,6,10,6,8,7,6,2,4,8,7,9,10,5,4,3,10,7,4,9,7,9,8,5,4,6,5,9,1,10,2,10,5,9,2,6,5,6,10,10,6,1,5,2,9,10,8,5,9,6,8,1,5,6,3,3,5
12,17,18,11,15,19,14,11,18,16,20,18,18,10,18,16,17,14,14,11,20,10,13,11,15,11,18,13,12,14,12,14,17,15,18,18,20,13,16,13,16,19,20,11,11,16,18,15,17,11,15,17,11,17,12,10,18,13,11,19,11,18,20,16,16,13,14,15,10,12,13,15,13,10,15,16,15,13,13,15

The delivery time window of orders:
875,943,572,947,579,728,724,925,881,835,766,684,706,704,838,566,876,864,816,695,665,928,789,660,679,861,814,739,783,639,626,878,688,865,695,877,533,667,619,894,782,949,801,538,791,769,550,838,719,707,698,515,570,741,942,682,762,577,774,884,693,591,950,701,569,769,801,646,823,696,750,789,714,770,535,705,610,559,638,636
1409,1120,1314,1046,1010,1286,1329,1115,1361,1292,1204,1259,1260,1285,1221,1369,980,1444,1217,1016,1130,1326,1357,1297,1175,996,1396,1184,1016,1445,1092,1421,1337,1284,1330,1419,1221,1438,1252,1100,1412,1439,1323,1421,1104,1203,1434,1233,1235,1167,1060,1036,1088,1300,1241,1149,1158,1242,1130,1045,1444,1224,1342,1027,1289,1258,1265,1389,1031,1329,1455,1049,1206,1171,1421,992,1054,1123,1361,1100

the loading and unloading time of each order:
4,5,3,3,5,4,3,4,3,3,4,5,4,5,4,3,3,5,4,4,4,4,4,3,5,3,3,4,3,3,3,5,3,5,3,4,3,3,4,4,5,3,3,3,3,3,3,5,5,5,4,4,5,3,4,3,4,4,5,3,4,3,3,5,3,3,4,3,5,5,4,4,4,5,3,3,4,3,3,4

The optional processing speed set of each order:
(where rows denote orders: 1 to 80)
2,3,4,5
1,3,4,5
1,5
5
5
1,2,4
3
1,2,3,4,5
1,2,3
1,2,3,4,5
1,2,3,4
1
2,3,4,5
1,3
2,3,4
1,3,4,5
2,4
1
1,2,5
3,4,5
1,2,4
1,2,3,4,5
1,3,4,5
2,3,4
1,4
1,5
2,4,5
2,3
3
1,2,3,4
1,2,4
1,2
1,3,5
1,2,3,4,5
1,2,3,4
3
4,5
2,4,5
1,3,5
1,5
2
3
2,5
1,2,3,4,5
1,2,3,4,5
1,3,4,5
1,3,4,5
3,4
1,3,4
1,2,4,5
1,2,3,5
1,4
2,3,4,5
3,4
1,2,3,4,5
1,4
1,4
1,2,3,4,5
1,5
3
3
1,2,3,4
1,2,5
2,3,5
1,2,3,4,5
1,2,3,4,5
1,2,4
2,3,4,5
2,3,4,5
1,2,3,5
2,3,4,5
2
4,5
2,3
1,3
2,3
1,3
3
5
1,2,3,4,5

The customer order set:
(where rows denote customers: 1 to 20)
8,74,15,57,55
43,52,62
21,65
76,69,51,23,12,26,47
53,13,34,79,2,29,37,30
31,39,28,7,44,20,40,18,5
9
19,32,80,63,14,72
73,1,42,41,17,38,56
10
66,33,75,4,71,3
64,22,67
45
46,68,24,48,70
36,11,35
61,50,16,58
25,78,77,6
27
54,60
49,59

