The number of jobs:
60
The number of machines:
8
The number of vehicles:
5
The number of customers:
14

The processing time of each order processed on different machines:
(where rows denote machines: 1 to 8 and columns denote orders: 1 to 
60)
30,30,24,28,32,49,36,30,49,45,49,32,24,35,30,21,43,35,25,30,44,25,38,21,32,30,22,22,35,29,39,25,31,45,36,27,26,47,24,20,41,36,26,20,47,49,50,23,37,33,36,43,32,29,36,32,36,29,35,47
27,42,29,41,21,49,34,26,35,32,43,38,33,49,21,26,33,41,33,36,34,45,47,20,28,22,50,30,24,41,28,38,27,49,24,35,43,49,27,41,20,48,48,30,47,38,40,41,41,35,28,26,35,50,34,48,34,29,45,38
23,22,32,27,43,50,28,32,26,44,36,29,40,23,26,24,28,45,23,27,43,50,24,40,23,27,49,24,22,22,44,24,23,34,22,38,24,48,30,29,34,41,21,40,42,23,32,41,33,31,38,33,41,20,36,36,43,47,27,43
23,21,32,25,45,35,32,48,44,40,47,39,32,28,20,26,34,44,23,40,25,34,21,39,27,26,36,21,34,21,47,49,21,46,39,44,34,50,42,40,49,37,41,49,29,43,39,20,22,44,20,23,22,31,23,21,38,50,48,28
27,48,48,50,40,37,46,42,27,42,27,26,34,34,34,34,40,27,35,46,33,37,20,37,29,34,49,22,49,44,32,21,25,48,39,31,29,20,45,35,40,50,48,26,30,30,43,26,29,24,40,26,27,25,50,42,32,22,24,42
21,38,49,46,35,25,34,21,37,48,37,35,41,49,23,50,35,25,38,43,37,25,44,22,47,36,21,26,40,26,40,23,23,47,29,50,50,32,49,23,29,50,40,32,26,49,36,49,33,22,27,43,33,38,36,42,36,43,49,37
32,23,42,24,28,41,38,46,30,44,25,36,31,27,41,43,38,34,50,45,26,31,33,48,49,37,30,47,41,50,49,45,34,38,27,33,37,39,36,36,36,28,25,42,40,44,26,32,27,50,50,50,39,44,21,29,22,38,32,41
30,20,50,49,38,31,32,37,50,39,44,49,24,40,43,44,22,30,36,37,47,21,20,26,31,24,25,21,31,50,42,42,44,45,40,23,36,28,42,27,24,28,26,36,39,37,49,43,21,38,25,35,27,33,35,21,25,33,31,42

The processing power of each machine:
(where rows denote machines: 1 to 8 and columns denote speed level: 1 to 
5)
3,5,6,7,8
2,3,4,5,8
2,3,4,7,10
2,5,6,9,10
1,2,3,5,9
1,2,4,5,9
1,2,3,6,7
2,3,5,6,9

The distance between each location:
(where rows and columns denote locations: 0 to 14)
0,105,43,40,80,102,94,66,20,112,103,119,92,111,91
105,0,97,130,181,177,11,146,87,125,195,169,132,148,188
43,97,0,38,91,82,85,108,46,147,142,85,131,72,93
40,130,38,0,53,62,119,94,56,152,116,84,130,81,58
80,181,91,53,0,65,170,100,99,176,97,104,148,114,21
102,177,82,62,65,0,166,150,117,214,160,41,191,59,48
94,11,85,119,170,166,0,138,76,123,186,159,127,138,176
66,146,108,94,100,150,138,0,71,82,50,177,51,174,119
20,87,46,56,99,117,76,71,0,101,114,129,85,118,110
112,125,147,152,176,214,123,82,101,0,123,230,31,219,194
103,195,142,116,97,160,186,50,114,123,0,194,92,197,118
119,169,85,84,104,41,159,177,129,230,194,0,211,25,89
92,132,131,130,148,191,127,51,85,31,92,211,0,203,166
111,148,72,81,114,59,138,174,118,219,197,25,203,0,102
91,188,93,58,21,48,176,119,110,194,118,89,166,102,0

The weight of each order:
19,19,18,19,19,19,12,19,10,10,15,15,13,13,14,12,17,11,13,19,20,20,13,10,10,13,12,19,16,12,10,17,17,13,16,20,10,13,14,13,14,17,18,14,17,20,13,20,15,14,12,18,19,15,14,17,17,18,10,15

The earliness and tardiness  penalty factors:
(where row 1 and 2 denote unit earliness and tardiness  penalty cost of orders respectively.)
10,8,7,4,4,4,5,2,2,4,5,7,9,2,9,7,7,5,10,6,8,2,9,9,4,9,9,3,7,10,4,7,8,6,5,9,4,5,5,6,7,9,1,5,4,6,4,3,4,7,7,2,8,6,10,9,9,5,10,3
20,20,13,20,19,12,18,14,13,10,15,19,12,14,16,10,12,11,15,11,16,20,19,14,20,12,11,16,10,20,15,15,14,20,11,16,13,18,10,20,15,10,18,16,19,12,20,12,20,10,11,17,19,12,16,20,12,13,13,10

The delivery time window of orders:
759,470,781,754,700,752,472,533,537,655,586,462,724,584,684,563,655,752,601,540,515,623,688,642,544,581,775,831,467,608,814,789,752,446,814,557,504,704,767,727,792,502,446,734,757,538,676,502,705,607,839,604,520,769,686,431,747,529,674,595
916,1147,1202,895,950,1129,1151,974,965,990,1051,963,1099,1231,1229,975,947,1230,1084,1010,1008,1235,932,970,1126,1070,1220,1060,1119,1037,1202,997,1033,887,1107,978,1050,995,1131,866,1222,1101,1206,1142,937,870,1025,998,851,916,1174,967,1145,927,1028,1229,997,1270,1052,1048

the loading and unloading time of each order:
5,5,5,5,5,5,3,5,3,3,4,4,3,3,4,3,4,3,3,5,5,5,3,3,3,3,3,5,4,3,3,4,4,3,4,5,3,3,4,3,4,4,5,4,4,5,3,5,4,4,3,5,5,4,4,4,4,5,3,4

The optional processing speed set of each order:
(where rows denote orders: 1 to 60)
1,2,3,4,5
3,4
1,2,4,5
1,4,5
1
1,2,4,5
1,2,3,5
1,2,5
1,5
2,3,5
2,3,5
3,5
2
1,3
4,5
2
1,2,3,4,5
1,2,3,4,5
1,2,4
1,2,5
1,2,4,5
1,2,3,4,5
1,3
1,4
1,3,4,5
2,3,4,5
1,3,4,5
3
1,2,3,4,5
2,5
1,2,3
1,2,3,5
5
2
3,5
1,2,3,4,5
2,3,4,5
2,3
2,3,4,5
1,3,5
3,4
3,4,5
1,3
4,5
1,2,3,5
1
1,2,3,4,5
1,2,3,4,5
1,2,3,4,5
1,2,3,4,5
2,3,4,5
3,4
1,3
1,2
4
3
1,2,5
1,2,3,4
2,4,5
1,2,5

The customer order set:
(where rows denote customers: 1 to 14)
2
6,46,50,33,37,36
59,9,21,47,49,58,18,35,10,8
12,52,22,29,11,15
30,54,55,57,20,28,51,60,53,31
42,44
13,34,17
43,16,1,48,5,4,38,19,14
27
23,7,32
25
39
56,24
26,41,45,40,3

