The number of jobs:
80
The number of machines:
9
The number of vehicles:
5
The number of customers:
21

The processing time of each order processed on different machines:
(where rows denote machines: 1 to 9 and columns denote orders: 1 to 
80)
42,37,21,43,36,21,41,21,39,21,36,37,21,38,38,23,42,27,43,33,39,31,40,35,40,45,43,42,40,20,47,36,29,24,23,32,21,31,33,26,29,40,40,42,37,38,39,28,39,40,46,20,40,49,34,27,24,37,29,46,42,20,39,32,28,27,34,30,28,32,48,24,24,28,48,37,21,27,42,35
42,21,32,30,29,43,47,32,30,29,42,27,33,40,34,25,39,34,30,41,23,25,25,47,23,36,35,45,36,26,20,36,39,34,39,40,37,38,38,45,36,40,42,22,20,35,32,35,34,33,47,42,47,37,37,30,45,42,25,24,40,42,36,33,38,40,33,34,49,39,41,42,33,33,26,41,45,37,47,30
34,26,40,28,28,33,30,26,50,45,31,34,20,29,21,45,29,37,36,49,34,22,28,25,38,24,31,36,49,27,41,32,33,34,41,29,31,34,34,50,44,24,50,25,38,36,21,20,43,26,28,28,25,20,43,50,35,37,22,29,41,36,24,34,26,33,29,23,39,41,25,39,33,23,42,25,26,42,42,25
26,46,47,27,47,27,33,47,36,43,24,48,35,43,26,25,42,48,21,42,45,26,41,24,26,24,43,20,40,32,33,44,48,50,36,48,32,24,21,29,34,28,36,34,44,42,26,41,25,50,29,34,33,30,28,39,35,33,27,31,25,49,44,34,24,29,25,33,35,27,43,49,32,40,29,22,20,45,27,41
24,45,28,21,43,41,35,47,29,39,48,46,20,28,42,23,29,43,49,27,28,44,44,22,38,31,44,46,41,44,32,43,36,45,24,46,37,22,35,50,21,46,44,30,43,46,38,39,25,37,24,46,28,25,33,37,46,33,24,35,43,33,48,31,20,39,39,49,22,32,45,24,33,27,44,46,22,34,28,48
46,24,48,21,40,37,34,24,34,28,47,40,25,36,35,45,29,20,50,33,20,49,47,49,29,35,47,30,25,34,28,50,30,49,40,48,23,29,42,47,38,25,32,46,46,40,34,22,40,37,24,49,42,30,23,30,26,33,25,29,32,48,47,44,25,41,25,47,23,35,39,44,43,20,24,21,50,25,20,36
29,47,26,29,38,24,37,30,24,41,27,42,31,29,26,31,34,44,20,45,43,25,32,48,40,21,22,36,39,32,34,34,48,25,42,37,29,22,47,43,46,29,26,22,38,30,40,23,26,38,31,33,50,24,50,36,20,45,21,44,29,41,22,35,39,34,43,41,25,35,22,28,50,49,20,37,48,40,43,22
44,31,21,44,24,41,49,38,36,45,47,31,22,21,34,20,47,34,33,43,36,47,20,45,20,27,21,28,45,44,33,32,27,25,36,25,24,33,32,29,35,20,29,21,39,22,24,24,32,37,43,21,41,42,29,48,38,23,31,34,49,25,34,27,25,38,39,42,49,38,26,28,33,21,24,22,48,24,31,47
40,39,49,37,28,24,50,40,36,37,47,26,25,30,33,47,21,50,32,45,49,21,32,23,44,20,40,34,38,26,45,34,37,31,29,26,38,41,42,30,43,21,36,23,25,40,46,42,22,49,34,48,29,43,46,47,26,39,43,43,35,45,48,26,47,50,35,43,38,43,21,41,46,46,45,22,42,30,34,26

The processing power of each machine:
(where rows denote machines: 1 to 9 and columns denote speed level: 1 to 
5)
2,3,4,6,10
1,2,6,7,8
1,2,3,4,9
1,3,6,8,10
3,5,8,10,12
4,5,6,9,10
1,2,5,9,10
4,6,10,12,15
3,4,6,7,8

The distance between each location:
(where rows and columns denote locations: 0 to 21)
0,72,54,88,75,69,122,27,57,83,18,93,111,41,6,83,119,63,101,66,30,81
72,0,62,31,146,140,128,73,127,154,90,164,56,34,77,121,191,77,108,134,56,151
54,62,0,91,105,102,164,31,106,127,66,124,70,35,53,60,160,16,143,116,25,128
88,31,91,0,163,156,107,96,137,164,105,180,79,59,93,149,202,106,89,141,80,160
75,146,105,163,0,9,171,77,46,40,58,19,174,112,70,81,58,101,155,55,93,46
69,140,102,156,9,0,162,73,38,35,51,24,170,107,64,83,59,99,146,47,88,40
122,128,164,107,171,162,0,147,126,147,127,180,184,131,127,205,178,178,21,121,141,140
27,73,31,96,77,73,147,0,75,96,35,96,98,38,25,59,130,36,127,85,17,97
57,127,106,137,46,38,126,75,0,28,41,54,168,98,55,108,65,110,111,11,86,24
83,154,127,164,40,35,147,96,28,0,65,37,192,124,79,117,38,128,134,27,109,8
18,90,66,105,58,51,127,35,41,65,0,75,128,59,14,82,101,71,107,51,45,64
93,164,124,180,19,24,180,96,54,37,75,0,193,131,88,97,42,120,165,60,112,45
111,56,70,79,174,170,184,98,168,192,128,193,0,71,113,122,227,78,164,177,83,192
41,34,35,59,112,107,131,38,98,124,59,131,71,0,45,91,160,51,110,106,22,122
6,77,53,93,70,64,127,25,55,79,14,88,113,45,0,79,115,61,107,64,31,78
83,121,60,149,81,83,205,59,108,117,82,97,122,91,79,0,139,46,185,120,71,121
119,191,160,202,58,59,178,130,65,38,101,42,227,160,115,139,0,158,167,63,144,42
63,77,16,106,101,99,178,36,110,128,71,120,78,51,61,46,158,0,156,120,36,129
101,108,143,89,155,146,21,127,111,134,107,165,164,110,107,185,167,156,0,107,120,127
66,134,116,141,55,47,121,85,11,27,51,60,177,106,64,120,63,120,107,0,95,21
30,56,25,80,93,88,141,17,86,109,45,112,83,22,31,71,144,36,120,95,0,109
81,151,128,160,46,40,140,97,24,8,64,45,192,122,78,121,42,129,127,21,109,0

The weight of each order:
11,14,18,20,13,13,17,16,11,15,17,15,17,20,16,10,14,14,16,18,15,15,19,12,19,16,16,15,19,13,10,13,14,20,11,18,20,16,12,14,10,16,17,20,18,18,18,18,11,11,13,16,16,11,15,13,20,11,15,11,15,20,20,14,17,13,12,12,17,18,19,10,11,10,11,19,11,17,17,11

The earliness and tardiness  penalty factors:
(where row 1 and 2 denote unit earliness and tardiness  penalty cost of orders respectively.)
5,9,6,9,2,8,3,2,3,10,10,10,4,1,8,2,2,9,4,5,1,8,7,1,5,2,2,5,9,7,1,6,4,8,6,6,6,4,10,2,2,8,4,10,3,6,1,9,2,2,2,1,3,10,4,5,3,6,8,7,10,10,9,2,5,9,6,8,10,4,2,5,6,3,10,7,8,6,7,3
18,11,17,20,17,14,17,20,20,12,14,15,15,16,11,18,17,18,18,16,15,14,18,10,12,18,12,10,14,15,19,19,16,10,10,14,19,17,18,17,17,10,18,14,16,10,19,20,11,16,20,11,12,12,13,13,20,14,18,10,19,18,13,16,20,19,12,12,18,20,15,16,19,15,10,19,16,10,20,17

The delivery time window of orders:
751,566,500,904,824,543,546,675,638,617,869,718,500,698,614,562,784,770,469,878,546,913,498,761,736,467,680,793,526,724,471,758,514,818,896,765,535,829,874,532,671,730,626,807,812,683,558,749,732,739,481,551,730,535,813,701,529,562,899,488,639,479,722,883,894,534,760,882,612,655,521,496,806,781,687,925,589,751,577,727
1072,991,1102,1205,1211,1040,1357,1235,957,1383,1380,1326,982,1202,1289,1281,1091,1133,1067,1166,1257,996,1228,1248,1103,1221,1168,1252,1132,1179,1110,957,1397,1224,1095,1304,1165,1082,1327,1287,1250,1116,1203,1339,1077,1213,1345,1378,1350,1068,1179,1056,1325,1212,1329,1112,1232,1136,998,1196,1271,1040,953,1050,954,1248,1335,949,1302,1385,1331,1383,1056,1065,1202,1253,1176,1092,1066,1299

the loading and unloading time of each order:
3,4,5,5,3,3,4,4,3,4,4,4,4,5,4,3,4,4,4,5,4,4,5,3,5,4,4,4,5,3,3,3,4,5,3,5,5,4,3,4,3,4,4,5,5,5,5,5,3,3,3,4,4,3,4,3,5,3,4,3,4,5,5,4,4,3,3,3,4,5,5,3,3,3,3,5,3,4,4,3

The optional processing speed set of each order:
(where rows denote orders: 1 to 80)
1,2,3,4,5
1,2,3,4,5
1,2,3,5
3
2,3,4,5
1,2,3,5
4
2,3,5
1
1,3,4,5
1
2
1,2,4,5
1,3,4,5
1,2,4,5
1,2,4,5
2,3,4,5
1,2,3,5
1,3,5
1,2,5
1,4
2,3,4,5
3
1,2,3,4,5
1,2,3,4
1
4,5
1,3,4
1,2,3,4,5
1,3,4,5
3
3,5
2,4,5
2,3,4
2,3,4,5
1,2,3,5
1,3,4,5
1,3,4,5
1,2,4,5
1,5
3
1,2
1,2,4,5
1,2,3
2,4
1,4,5
5
3
1,3
1,2,3,4
3
1,2,3,4,5
3,4
1,4,5
5
5
3,5
1,2
2
1,2,4,5
1,2,3,4,5
1,3
1,2,3,5
4,5
1,2,3,4
1,2,3,4,5
1,2,3,4,5
1,3,4,5
1,2,3,4,5
5
1,2,3,4,5
2
4,5
2
1,2,3,4
1,2,3,4,5
2,3,4,5
1,3,5
2,3,4,5
1,4

The customer order set:
(where rows denote customers: 1 to 21)
72
71,19,62
52,1
54,59,58
79,50
17,32,69
77,78,65,38,15,11,55,14,34
48,30,13,16
73,60,80,26,20,68,31,33
40
7
43,23,45,24,5
39
51,53
75
35
10,3,25,6,42,49,9
47
36,70,27,57,18,67,8,21,12,4
64
44,29,22,56,37,61,2,74,76,28,66,41,63,46

