The number of jobs:
60
The number of machines:
8
The number of vehicles:
6
The number of customers:
14

The processing time of each order processed on different machines:
(where rows denote machines: 1 to 8 and columns denote orders: 1 to 
60)
26,29,35,41,45,44,25,40,47,35,50,39,44,23,49,31,40,26,23,27,24,24,34,34,42,38,30,33,21,28,29,22,34,29,34,25,44,50,39,23,30,45,49,24,29,23,36,32,40,40,38,29,32,28,23,22,40,41,48,26
31,25,47,29,33,38,24,46,41,32,45,45,36,22,48,42,25,20,23,41,48,25,33,29,23,24,35,20,34,33,45,37,39,45,27,28,45,25,50,28,23,34,28,32,20,35,48,20,46,43,39,20,20,27,46,33,43,31,41,27
28,43,23,32,28,40,35,24,27,32,44,35,47,27,26,36,22,32,45,48,49,36,20,30,25,35,40,20,39,28,21,27,36,34,45,32,29,40,22,46,30,20,31,42,38,24,46,43,37,46,45,44,26,40,21,47,29,36,38,25
45,31,31,34,21,33,27,28,33,42,32,26,31,50,46,29,48,50,37,20,39,45,49,20,40,34,39,22,27,29,43,30,34,47,39,22,38,34,50,24,41,45,31,38,20,29,43,40,50,35,50,25,45,26,43,20,27,33,45,45
24,29,50,41,44,37,44,39,48,40,47,48,25,47,40,41,40,37,47,40,38,46,49,24,21,35,39,50,29,34,45,32,34,32,47,47,26,36,41,45,24,35,36,33,38,36,21,37,22,37,36,47,21,36,23,49,46,40,30,22
35,27,49,40,31,26,32,47,34,26,27,40,46,44,36,48,28,38,32,36,34,21,34,28,50,43,22,33,42,37,25,44,21,20,47,22,30,44,22,34,31,43,46,36,21,27,24,39,37,32,28,35,37,32,31,23,36,29,23,50
45,45,21,34,40,40,45,38,37,31,22,21,43,44,26,21,39,38,49,45,39,50,33,49,34,34,21,22,43,40,38,49,25,20,42,40,25,22,34,20,44,39,27,30,28,28,34,26,50,30,47,49,24,33,26,29,20,38,35,38
47,39,48,29,40,39,32,25,36,48,43,44,43,30,22,48,21,27,29,21,45,33,20,27,36,48,20,46,48,40,49,49,43,21,39,33,36,28,34,35,26,44,25,41,46,47,22,39,34,28,22,31,50,33,40,30,36,33,41,50

The processing power of each machine:
(where rows denote machines: 1 to 8 and columns denote speed level: 1 to 
5)
1,5,7,9,10
3,5,6,7,10
1,3,7,9,11
1,2,4,6,8
3,5,6,7,8
1,4,6,9,10
1,3,4,8,10
1,4,6,8,10

The distance between each location:
(where rows and columns denote locations: 0 to 14)
0,71,71,118,9,99,68,46,135,77,24,92,48,97,111
71,0,4,189,79,157,14,117,162,118,66,48,90,57,182
71,4,0,189,78,159,18,117,165,115,64,44,92,62,181
118,189,189,0,111,85,185,73,163,123,129,203,122,204,9
9,79,78,111,0,99,76,40,140,69,23,96,54,106,104
99,157,159,85,99,0,147,68,78,153,122,190,68,148,76
68,14,18,185,76,147,0,112,149,123,67,62,80,46,177
46,117,117,73,40,68,112,0,128,85,62,136,57,133,65
135,162,165,163,140,78,149,128,0,207,158,207,87,125,154
77,118,115,123,69,153,123,85,207,0,60,103,123,164,121
24,66,64,129,23,122,67,62,158,60,0,74,71,105,123
92,48,44,203,96,190,62,136,207,103,74,0,127,104,197
48,90,92,122,54,68,80,57,87,123,71,127,0,84,113
97,57,62,204,106,148,46,133,125,164,105,104,84,0,195
111,182,181,9,104,76,177,65,154,121,123,197,113,195,0

The weight of each order:
20,13,12,19,16,19,20,10,14,15,19,16,17,19,14,17,18,12,15,12,10,19,17,19,20,14,15,13,17,20,17,18,19,19,10,18,15,20,15,10,11,12,18,12,20,14,15,14,17,20,17,15,18,10,19,11,18,10,11,10

The earliness and tardiness  penalty factors:
(where row 1 and 2 denote unit earliness and tardiness  penalty cost of orders respectively.)
1,5,5,6,6,4,5,5,7,4,2,2,1,10,2,4,3,4,3,9,4,8,4,5,8,10,7,9,5,1,6,3,8,2,6,5,6,9,9,6,8,7,6,7,4,7,4,2,4,3,10,8,8,2,9,8,4,4,4,2
18,18,15,19,16,20,14,14,11,11,12,13,14,12,19,13,12,19,14,16,20,11,20,11,20,12,15,19,13,10,16,16,11,11,19,17,15,17,17,17,18,17,10,14,17,12,11,19,18,13,10,18,17,14,12,19,20,12,16,16

The delivery time window of orders:
417,630,632,549,755,668,732,743,600,433,700,623,603,776,690,562,763,643,617,424,725,423,567,730,532,472,736,422,538,612,480,792,510,745,544,552,485,501,738,404,682,466,543,731,730,792,658,515,412,620,668,733,781,770,640,762,693,575,437,549
858,934,1055,955,1103,836,1172,876,1182,994,995,1133,810,902,1059,1174,1183,1041,1099,915,954,1006,1165,875,1040,1077,812,1028,1036,866,987,894,823,1029,1123,911,886,814,835,1093,1082,965,841,953,990,990,922,861,1172,1006,1088,996,1141,1029,1026,1187,874,986,813,949

the loading and unloading time of each order:
5,3,3,5,4,5,5,3,4,4,5,4,4,5,4,4,5,3,4,3,3,5,4,5,5,4,4,3,4,5,4,5,5,5,3,5,4,5,4,3,3,3,5,3,5,4,4,4,4,5,4,4,5,3,5,3,5,3,3,3

The optional processing speed set of each order:
(where rows denote orders: 1 to 60)
3,4
2,4,5
3,5
4
1
1,2,3,4,5
4,5
2
1,2,3,4,5
1,3
1,4
2
1,2,4
1,2,5
1,2,5
1,2,4
1,2,3,5
2
1,2,3,4,5
1,2,4,5
1,2,3,4,5
1,2,5
4,5
1,2,3,4,5
1,2,3,4,5
2,3
1,4,5
1,3,4,5
1,2
2,5
2,3
2
1,2,3,4
1,2,4
1,2,3,4,5
1,3,5
3
1,2,3,5
1,2,3,4,5
5
1,2,4,5
2
1,2,3,4,5
3
1,3,4
1,3,4,5
5
1,2,3,4,5
1,2,3,4,5
2,3,5
1,2,3,5
1,4
2,3,5
4,5
2,5
3
1,2,3
1,2,3,4
2,4
1,3,4,5

The customer order set:
(where rows denote customers: 1 to 14)
58,45
8
16,35,17,27,49,19,46,37,14
24,50,32,5
25,47,29,21,1,15,23,51,22,56
26,54,6,43,41,52
59
42,20,3,12,36,28,11,33,53,57,18
13
7,31
40,55,4,48,10,44
2,60
30
34,9,39,38

