The number of jobs:
60
The number of machines:
7
The number of vehicles:
6
The number of customers:
14

The processing time of each order processed on different machines:
(where rows denote machines: 1 to 7 and columns denote orders: 1 to 
60)
31,22,25,43,34,33,20,32,41,44,41,47,32,35,48,37,42,39,38,43,44,26,49,26,37,37,40,42,31,34,50,33,41,27,22,20,50,34,40,44,35,45,30,35,27,30,31,36,49,25,24,36,49,27,45,33,42,35,40,48
34,44,25,29,28,34,50,21,23,29,43,40,32,23,46,22,42,22,28,50,46,48,50,40,28,33,22,37,26,36,46,34,25,22,32,26,48,21,35,43,31,37,29,29,22,30,50,24,39,35,37,38,28,26,33,33,42,36,25,33
28,48,49,44,45,27,37,36,45,41,38,34,31,47,25,33,33,45,40,31,32,30,33,37,37,48,41,27,49,38,47,27,33,48,39,46,31,37,37,43,38,35,23,35,38,46,20,44,41,44,28,34,45,33,21,43,49,20,21,22
32,33,25,37,49,31,35,49,50,26,47,26,34,46,48,40,47,42,27,50,28,22,31,30,29,27,21,20,27,42,42,45,40,49,38,45,39,47,43,44,32,42,30,43,25,27,23,32,38,46,22,43,37,34,34,26,40,38,50,22
38,43,28,20,23,21,43,48,21,24,25,46,31,37,45,38,21,43,42,39,21,31,31,38,26,39,26,22,40,47,50,40,48,37,41,34,25,31,44,27,43,22,28,23,31,45,28,22,21,31,41,46,45,20,39,49,35,25,39,41
50,44,32,43,31,49,36,30,43,50,31,50,22,32,25,34,22,20,37,32,27,21,20,44,40,28,32,30,47,32,40,41,22,30,41,34,38,26,36,32,29,31,21,23,20,31,41,42,28,45,35,34,25,24,34,29,37,49,49,42
44,26,35,44,43,21,42,21,26,35,23,36,28,38,34,41,33,26,47,42,42,39,22,32,23,24,24,47,25,28,34,45,30,44,36,46,48,30,36,46,22,22,50,39,44,30,35,32,45,31,48,32,38,29,28,47,36,38,38,46

The processing power of each machine:
(where rows denote machines: 1 to 7 and columns denote speed level: 1 to 
5)
3,4,5,6,10
1,3,4,9,10
1,5,7,9,10
4,6,8,12,16
1,2,5,9,10
1,2,3,5,6
1,5,8,11,12

The distance between each location:
(where rows and columns denote locations: 0 to 14)
0,111,115,101,109,113,104,94,39,79,66,84,53,72,58
111,0,226,145,185,223,210,202,104,40,172,75,78,155,119
115,226,0,157,124,18,49,43,135,193,64,187,160,110,134
101,145,157,0,207,143,114,164,137,139,95,167,76,171,43
109,185,124,207,0,137,154,81,86,145,132,115,158,37,166
113,223,18,143,137,0,32,56,137,191,54,189,153,119,124
104,210,49,114,154,32,0,78,135,182,38,187,135,130,101
94,202,43,164,81,56,78,0,103,165,70,153,145,69,131
39,104,135,137,86,137,135,103,0,64,98,53,75,52,94
79,40,193,139,145,191,182,165,64,0,144,39,64,115,104
66,172,64,95,132,54,38,70,98,144,0,149,99,102,70
84,75,187,167,115,189,187,153,53,39,149,0,93,92,127
53,78,160,76,158,153,135,145,75,64,99,93,0,122,42
72,155,110,171,37,119,130,69,52,115,102,92,122,0,129
58,119,134,43,166,124,101,131,94,104,70,127,42,129,0

The weight of each order:
15,17,20,19,19,17,20,17,15,18,18,13,11,16,12,13,10,10,12,18,17,11,12,15,16,10,13,13,18,16,15,14,15,11,15,11,14,13,13,13,20,16,19,13,14,18,14,15,11,13,14,16,11,13,20,18,10,20,16,20

The earliness and tardiness  penalty factors:
(where row 1 and 2 denote unit earliness and tardiness  penalty cost of orders respectively.)
6,10,8,2,8,9,5,9,2,5,6,5,9,6,9,5,4,4,4,2,5,9,6,8,1,9,3,1,9,8,9,10,6,1,1,2,7,1,3,6,5,7,10,1,1,10,4,6,10,9,3,7,10,9,1,7,10,8,5,9
11,13,18,14,14,20,18,15,12,14,19,19,11,12,18,14,19,11,18,17,17,13,14,10,10,16,10,11,11,17,18,19,15,20,17,13,19,17,15,10,20,10,20,14,19,18,19,19,20,19,19,10,12,12,20,14,20,18,14,20

The delivery time window of orders:
618,463,569,763,532,694,654,681,553,600,634,551,614,794,504,692,647,621,523,685,668,527,685,769,779,774,414,706,738,497,469,798,734,495,713,440,441,557,793,477,741,513,409,675,449,664,742,686,530,696,677,782,775,539,543,717,774,683,531,421
883,1210,990,1137,996,1108,880,1073,843,1021,1158,815,1070,841,1194,1154,1150,1127,1099,1141,1181,1027,910,816,970,1039,994,1062,853,992,1210,912,1084,879,943,841,916,993,1101,1185,842,960,924,1182,866,1118,1210,840,1069,1047,835,1158,1115,1143,1044,1183,1041,1074,1002,901

the loading and unloading time of each order:
4,4,5,5,5,4,5,4,4,5,5,3,3,4,3,3,3,3,3,5,4,3,3,4,4,3,3,3,5,4,4,4,4,3,4,3,4,3,3,3,5,4,5,3,4,5,4,4,3,3,4,4,3,3,5,5,3,5,4,5

The optional processing speed set of each order:
(where rows denote orders: 1 to 60)
1,2,3,4,5
1,2,5
1,2,3,4
2,4,5
1,4
1,2,3,4,5
2
3,5
4
2,4
2
1,3,5
1,2,5
1,4,5
1,2,3,4,5
1,2,3,4,5
1,4,5
2,4,5
1
2,4,5
4
1,2,3,5
1,2,3,4,5
1,2
1,2,4,5
1,2,4,5
3,4,5
1
1,2,3,4,5
2
2,3,4,5
4
4
1,3,4,5
1,4,5
1,2,4,5
1,2,4,5
1,2,3,4,5
3
1,2,3,4
1
5
2,4,5
5
1,2,3,4,5
1,2,4,5
4
1,2,3,4
1,2,3,4,5
1,2,3
2,3,4,5
3
2
2,3,4
2,4,5
1,2,3,4,5
1,2
1,2,3,4,5
1,5
1,2,5

The customer order set:
(where rows denote customers: 1 to 14)
42,39,37,46,13,40,7
48,14,27,12
32,59,4,38
29,25,43,19,58
57,17,41,20,56
9,2,33,18,24
45,22,31,49,52,35,8
15,47,50,55
16,36,60,34,51,11
26,23
28
3
54,44,6,10,5
1,53,21,30

