The number of jobs:
80
The number of machines:
9
The number of vehicles:
5
The number of customers:
20

The processing time of each order processed on different machines:
(where rows denote machines: 1 to 9 and columns denote orders: 1 to 
80)
47,21,28,41,29,38,44,46,29,48,38,36,26,27,37,35,22,32,40,27,26,40,45,23,20,22,28,31,47,20,50,31,43,32,47,43,28,48,43,44,30,22,29,20,47,31,24,32,24,21,20,38,23,20,38,33,48,30,20,29,31,44,23,30,25,45,46,48,42,37,32,38,30,33,30,49,50,31,26,38
48,46,22,26,22,35,21,33,34,50,50,27,38,44,27,33,31,46,47,39,47,28,36,22,46,43,46,34,43,29,28,27,24,33,47,32,46,45,37,37,31,47,30,32,39,44,32,25,50,44,36,30,36,23,43,30,34,39,32,23,42,27,49,28,48,37,45,40,26,27,25,45,45,37,32,22,45,25,34,40
22,29,25,31,38,50,28,24,39,29,44,41,20,47,35,25,41,39,46,49,25,31,21,34,22,43,21,26,33,24,28,35,39,44,26,46,20,21,23,42,42,43,42,21,42,24,44,35,25,49,37,50,21,45,44,42,31,42,22,39,24,29,32,26,21,48,33,38,42,37,35,37,36,25,47,44,43,41,23,45
39,42,21,21,48,34,30,28,24,44,45,26,47,30,22,20,20,21,27,36,46,38,34,38,50,23,27,45,42,21,43,28,35,26,45,50,45,38,47,42,40,25,32,36,40,43,28,50,50,47,47,40,41,22,39,24,48,44,20,43,20,46,32,20,27,39,24,33,44,45,33,46,26,24,23,38,31,39,21,37
44,33,45,30,22,34,22,32,48,31,21,40,34,43,30,43,37,39,46,37,46,36,36,48,22,24,27,48,34,35,21,47,32,27,34,39,34,39,25,34,31,48,37,23,37,30,45,42,45,30,28,49,33,30,27,40,45,31,49,40,29,21,43,49,36,49,39,38,36,24,33,39,23,32,44,41,45,20,26,35
36,45,46,22,42,47,46,36,47,29,43,48,27,26,38,36,35,31,38,24,33,35,20,28,41,48,33,43,37,23,43,32,49,21,47,45,46,29,47,36,47,31,42,36,43,21,21,29,35,21,23,48,39,37,25,37,22,28,28,23,25,32,30,29,20,44,38,33,40,47,27,32,36,47,27,44,48,30,26,31
28,41,24,24,46,48,46,38,37,35,20,27,22,44,27,43,40,31,47,45,35,28,35,30,23,20,21,44,20,26,24,26,30,49,32,37,21,42,25,40,36,44,33,43,23,39,29,48,41,32,29,27,26,35,40,22,27,45,50,24,40,31,26,39,30,40,21,48,43,31,47,31,21,28,49,33,24,38,22,27
20,20,42,37,36,32,24,34,43,45,34,20,27,48,28,41,33,28,28,48,29,23,23,30,34,36,33,47,49,28,43,26,35,35,36,24,47,27,49,25,20,24,21,25,30,36,25,49,36,43,23,21,23,50,43,20,47,40,45,34,46,30,37,41,44,35,46,44,47,25,22,36,41,20,34,27,46,29,21,21
25,49,35,45,34,44,26,24,31,39,43,21,48,42,50,36,22,32,20,30,40,49,25,30,20,45,29,36,34,44,34,39,45,33,43,37,39,32,50,34,27,23,41,33,20,37,24,40,25,42,38,20,31,44,32,33,30,48,42,38,46,43,35,31,46,43,29,40,37,47,43,29,34,28,50,23,32,41,27,40

The processing power of each machine:
(where rows denote machines: 1 to 9 and columns denote speed level: 1 to 
5)
2,4,5,6,9
1,3,4,6,9
3,4,6,8,10
3,4,7,9,10
2,3,4,5,9
1,2,4,6,10
1,3,5,7,8
4,5,8,10,12
1,2,3,7,8

The distance between each location:
(where rows and columns denote locations: 0 to 20)
0,76,95,93,88,81,88,102,34,90,102,82,99,78,96,74,54,72,111,63,32
76,0,56,169,104,156,91,160,110,165,176,109,118,153,69,79,35,143,144,42,71
95,56,0,179,67,172,143,141,125,171,177,78,79,169,125,45,44,167,108,32,108
93,169,179,0,139,22,151,87,59,16,28,126,143,23,175,142,143,47,133,149,108
88,104,67,139,0,141,168,78,101,127,128,14,14,138,163,25,71,145,41,62,116
81,156,172,22,141,0,130,100,48,34,49,129,146,3,155,140,134,24,141,141,91
88,91,143,151,168,130,0,188,105,156,171,165,181,128,35,147,104,107,197,117,56
102,160,141,87,78,100,188,0,87,72,64,65,74,98,198,96,125,117,52,123,133
34,110,125,59,101,48,105,87,0,57,70,91,109,45,122,95,86,45,112,93,54
90,165,171,16,127,34,156,72,57,0,16,114,130,34,178,132,138,57,118,143,110
102,176,177,28,128,49,171,64,70,16,0,115,129,49,191,136,146,72,114,150,123
82,109,78,126,14,129,165,65,91,114,115,0,18,126,163,33,75,135,35,67,112
99,118,79,143,14,146,181,74,109,130,129,18,0,143,177,39,85,153,30,76,128
78,153,169,23,138,3,128,98,45,34,49,126,143,0,153,137,131,24,138,138,89
96,69,125,175,163,155,35,198,122,178,191,163,177,153,0,140,93,135,197,105,68
74,79,45,142,25,140,147,96,95,132,136,33,39,137,140,0,47,140,66,37,99
54,35,44,143,71,134,104,125,86,138,146,75,85,131,93,47,0,126,109,13,64
72,143,167,47,145,24,107,117,45,57,72,135,153,24,135,140,126,0,152,135,74
111,144,108,133,41,141,197,52,112,118,114,35,30,138,197,66,109,152,0,101,142
63,42,32,149,62,141,117,123,93,143,150,67,76,138,105,37,13,135,101,0,77
32,71,108,108,116,91,56,133,54,110,123,112,128,89,68,99,64,74,142,77,0

The weight of each order:
10,20,18,19,10,19,19,14,15,17,11,14,18,15,17,15,11,19,20,10,10,17,20,19,12,13,15,15,16,17,12,15,20,19,12,11,17,17,17,20,10,14,20,19,18,19,10,19,12,11,13,13,19,16,19,17,13,14,16,19,11,18,10,13,18,19,20,12,18,12,16,11,20,18,15,16,20,18,13,11

The earliness and tardiness  penalty factors:
(where row 1 and 2 denote unit earliness and tardiness  penalty cost of orders respectively.)
10,8,8,10,6,5,6,3,8,4,6,2,5,2,9,6,9,10,6,8,9,5,2,4,8,5,8,1,1,6,4,9,5,10,5,6,8,6,6,10,7,3,9,4,8,3,1,4,10,3,2,7,1,8,2,8,7,3,6,3,5,7,7,4,7,6,6,6,7,1,4,9,4,4,5,5,4,3,3,1
12,10,10,19,19,15,12,10,14,18,10,15,10,11,10,14,10,17,16,18,13,20,12,11,14,15,15,20,20,15,15,19,12,12,16,15,19,10,14,11,20,18,15,18,15,10,16,14,11,16,13,13,14,16,18,16,18,14,14,15,19,10,13,14,13,14,16,18,14,15,10,16,12,13,20,20,12,11,11,11

The delivery time window of orders:
561,889,962,808,737,929,868,626,704,947,986,864,1027,758,855,937,820,544,545,1022,932,836,654,519,569,573,831,608,797,813,636,647,600,625,781,754,523,846,593,545,518,522,655,888,914,524,755,921,690,915,732,968,930,840,837,766,720,773,1023,550,581,909,939,620,1024,889,516,535,974,1026,662,873,695,780,876,690,736,862,812,571
1435,1261,1123,1325,1512,1524,1180,1149,1313,1183,1454,1417,1538,1321,1544,1254,1060,1110,1246,1098,1267,1256,1180,1190,1193,1147,1165,1306,1237,1458,1539,1200,1174,1353,1082,1397,1058,1339,1405,1497,1138,1363,1056,1546,1058,1342,1186,1038,1440,1235,1050,1094,1064,1473,1206,1408,1214,1092,1287,1405,1130,1180,1480,1460,1495,1114,1373,1281,1353,1297,1040,1521,1240,1231,1343,1339,1043,1330,1079,1198

the loading and unloading time of each order:
3,5,5,5,3,5,5,4,4,4,3,4,5,4,4,4,3,5,5,3,3,4,5,5,3,3,4,4,4,4,3,4,5,5,3,3,4,4,4,5,3,4,5,5,5,5,3,5,3,3,3,3,5,4,5,4,3,4,4,5,3,5,3,3,5,5,5,3,5,3,4,3,5,5,4,4,5,5,3,3

The optional processing speed set of each order:
(where rows denote orders: 1 to 80)
3
4
4
4,5
2,3,4,5
2,3,4,5
2,3,5
2
2,4
3,5
1,2,3,4,5
1,5
1,2,4
5
1,2,4
1,2,3,4,5
1,5
1,2,3,4,5
1,2,3,4
2
3,5
1,2,4
1,5
2,3,4
1,4
1,2,3,4,5
1
1,2,4
3,4,5
2,4
1,2,3,5
1,4,5
1,2,3,4,5
1,4
1,4,5
1,3,4,5
3,5
4,5
1
1,2,4
2,5
3,4,5
2,3,4
1,2
1,2,3,4,5
1,2,3,4,5
1,3,4,5
2,3
2
2,3
1,2,3,4,5
1
1,2,3,5
2,3,4
1
1,2,3,4,5
3,4
1,2,3,4,5
3,4,5
2,4,5
1,2,3,4,5
2,5
1,2,3,4,5
3,4
2
1,3,5
1,2,3,4
1,2,3,4,5
1,5
2,3,4
2,4,5
1,2,4,5
2,4
1,3,4,5
1,2,3,4,5
1,2,4,5
2,3,4
1,2,5
3,4
2

The customer order set:
(where rows denote customers: 1 to 20)
47,75,71,4
26,9
3
11,77,76,66,7,52,37
29,8,41
34,24,74,18
5
39,58,31,32,44,15,45,42,12,50
22,51,1,73,46
25,61
57,6,70,80,63,79
20,10,19,68,48,62,69,78,65,53,13
38
64,59,67
27,30,28,43
55,72
49,33,21,17,23,36
60,16,2,54
56
14,35,40

