The number of jobs:
60
The number of machines:
8
The number of vehicles:
6
The number of customers:
15

The processing time of each order processed on different machines:
(where rows denote machines: 1 to 8 and columns denote orders: 1 to 
60)
43,48,22,40,32,20,38,26,25,20,38,41,29,32,20,35,39,45,33,37,28,40,22,41,30,34,40,35,28,36,39,42,25,22,44,28,38,22,36,47,32,32,43,45,36,44,50,50,34,23,32,39,36,35,34,38,31,20,34,25
41,29,20,23,35,49,43,38,41,49,49,28,26,34,26,42,31,31,24,25,32,26,45,46,45,43,44,47,23,47,32,26,35,36,27,40,21,33,45,31,43,21,21,33,45,33,48,24,35,21,38,50,22,44,50,39,33,48,31,46
27,28,32,44,35,32,37,21,33,42,47,34,31,42,39,48,31,46,36,47,34,31,21,23,45,38,48,40,20,37,45,26,26,36,23,41,23,25,32,44,48,32,21,47,45,41,50,44,49,20,23,26,26,42,43,23,36,44,31,28
21,39,42,21,22,39,34,33,47,30,37,32,37,40,38,46,21,45,49,37,24,44,50,38,44,27,20,48,31,38,35,26,41,43,30,39,39,22,28,23,44,40,25,21,47,22,28,46,21,45,29,34,23,41,26,23,20,27,35,41
28,26,39,30,50,35,46,44,28,45,33,32,32,47,34,45,36,44,24,37,50,40,42,37,49,25,36,45,44,43,23,46,37,27,49,38,42,46,20,22,45,40,39,28,47,37,50,34,44,30,26,37,21,30,41,21,42,29,28,22
26,31,32,20,48,49,30,35,21,22,22,47,42,34,37,21,22,32,41,31,33,29,23,40,44,38,20,32,49,30,34,23,21,50,37,32,44,31,37,49,37,22,24,43,21,43,21,25,48,20,43,50,22,46,49,26,21,35,49,30
30,29,48,22,29,31,34,23,39,29,47,44,44,37,36,44,35,50,40,39,46,22,26,49,41,30,33,37,34,20,24,35,35,32,50,24,35,37,38,32,46,20,39,41,47,39,41,46,37,37,38,40,30,26,30,22,23,46,45,22
37,32,38,44,26,29,27,46,48,29,33,35,37,43,32,27,40,42,22,45,36,26,24,31,48,34,50,33,20,30,28,33,41,42,21,24,42,22,45,41,21,32,44,29,22,26,24,42,41,43,46,28,38,28,35,21,39,48,42,43

The processing power of each machine:
(where rows denote machines: 1 to 8 and columns denote speed level: 1 to 
5)
1,2,3,6,9
2,3,6,7,8
1,4,6,9,10
1,2,4,5,6
2,3,6,7,9
1,3,6,8,9
2,4,5,7,9
1,2,3,6,8

The distance between each location:
(where rows and columns denote locations: 0 to 15)
0,24,132,76,43,80,122,98,16,85,100,101,73,45,79,36
24,0,135,81,62,80,123,111,28,63,85,114,93,69,100,16
132,135,0,57,166,211,13,225,148,177,217,60,184,150,185,124
76,81,57,0,109,155,47,168,91,132,166,43,130,96,131,73
43,62,166,109,0,64,157,59,35,112,106,123,31,24,39,77
80,80,211,155,64,0,200,56,64,89,55,179,80,87,88,94
122,123,13,47,157,200,0,216,137,164,205,60,177,142,178,112
98,111,225,168,59,56,216,0,85,142,111,179,48,76,54,127
16,28,148,91,35,64,137,85,0,82,88,116,66,45,73,43
85,63,177,132,112,89,164,142,82,0,53,171,143,127,151,61
100,85,217,166,106,55,205,111,88,53,0,199,130,127,139,93
101,114,60,43,123,179,60,179,116,171,199,0,134,103,133,110
73,93,184,130,31,80,177,48,66,143,130,134,0,34,9,108
45,69,150,96,24,87,142,76,45,127,127,103,34,0,37,81
79,100,185,131,39,88,178,54,73,151,139,133,9,37,0,114
36,16,124,73,77,94,112,127,43,61,93,110,108,81,114,0

The weight of each order:
20,13,18,14,15,15,14,19,12,11,15,18,10,14,12,18,18,20,18,18,11,17,10,20,12,14,15,19,10,15,12,18,17,11,13,19,20,15,10,12,15,19,13,18,12,18,11,15,15,15,11,10,19,18,15,10,16,15,20,14

The earliness and tardiness  penalty factors:
(where row 1 and 2 denote unit earliness and tardiness  penalty cost of orders respectively.)
9,6,9,4,6,10,10,1,8,3,10,7,5,4,5,8,9,2,7,7,9,8,1,9,1,10,1,3,6,7,2,7,6,10,3,4,4,2,5,5,6,6,4,4,7,10,5,9,3,10,7,3,3,2,2,4,1,9,5,2
18,13,11,19,18,20,20,16,12,15,15,11,19,12,17,16,19,13,10,18,10,13,14,11,14,18,10,14,16,19,10,18,16,18,17,17,15,18,18,12,16,18,15,20,16,10,17,17,19,12,19,10,10,14,17,10,11,19,14,12

The delivery time window of orders:
579,686,534,606,430,772,683,415,774,555,401,427,518,651,739,734,730,628,575,404,444,719,398,471,645,453,707,696,537,420,670,561,756,602,657,465,656,775,419,590,415,654,526,637,532,429,474,769,638,497,492,587,611,672,487,764,459,656,682,456
1135,875,997,817,831,1037,1163,816,1067,950,1124,917,973,893,1157,1085,969,872,1010,1164,1012,933,1032,1152,825,1131,1000,874,938,794,798,1067,1043,1051,1019,947,907,1093,1120,1087,1140,1106,952,928,856,978,799,1061,883,1021,968,917,993,1093,1059,942,1047,958,1011,887

the loading and unloading time of each order:
5,3,5,4,4,4,4,5,3,3,4,5,3,4,3,5,5,5,5,5,3,4,3,5,3,4,4,5,3,4,3,5,4,3,3,5,5,4,3,3,4,5,3,5,3,5,3,4,4,4,3,3,5,5,4,3,4,4,5,4

The optional processing speed set of each order:
(where rows denote orders: 1 to 60)
1,2,4,5
1,2
1,3,5
1,2,4,5
1,2,3,4,5
1,3,4
1,2,4,5
1,2,3,4,5
2,5
1,2,3,4,5
4,5
2,4
1,2,3,4,5
1,2,3,4
1,2,3,4,5
1,2,5
3,4,5
2,5
4
1,2,3,4,5
3,5
1,2,3,5
1,2,3,4,5
1,3,5
2
2,3,5
1,2,5
1,2,3,4,5
1,2,3,4,5
2,3,4,5
1,2,5
1,3,4
1,2,3,4,5
2,4,5
2,4,5
3,4,5
3,5
1,2,3,4,5
2,4,5
1,2,3,4,5
1,4
1,2,4
2,3
2
1,2,3,5
1,3,4
2
2,4,5
1,2,3,4
2,4,5
1,2,3,4,5
1,3,4,5
1,2,3,4,5
1,2,3,4,5
3
1,2,3,5
1,2,5
3
2,3,5
2,5

The customer order set:
(where rows denote customers: 1 to 15)
44
60,47,51,27,19
46,55,21,6
59,42
33
22,36,30,37,41
57,25,39
23,12
5,1,3
34,53,49,15
50
32,58,24,38,14,20,2,31,4,54,29,43,40,52,48
17,18,26,9,13,16,7,45,28
35
10,8,56,11

