The number of jobs:
80
The number of machines:
10
The number of vehicles:
5
The number of customers:
22

The processing time of each order processed on different machines:
(where rows denote machines: 1 to 10 and columns denote orders: 1 to 
80)
33,45,25,49,22,42,34,31,43,34,22,29,23,30,34,30,28,31,49,41,32,47,25,49,40,35,42,25,26,37,50,45,28,22,36,45,20,40,42,34,23,49,35,39,22,20,24,34,44,20,47,48,47,37,44,39,30,23,33,24,46,40,26,50,44,34,38,38,50,50,41,44,29,23,47,29,39,34,32,38
46,49,39,24,30,40,48,43,20,48,24,40,37,50,21,43,24,24,22,26,29,35,29,43,50,42,42,47,45,33,22,32,34,21,32,40,48,37,34,21,39,48,22,34,31,29,25,30,49,20,30,27,37,39,23,37,43,30,44,47,23,39,30,20,40,47,34,34,48,36,41,25,24,33,46,45,49,26,36,31
26,43,50,27,22,32,42,44,41,42,27,48,36,31,29,37,40,29,30,20,36,35,48,32,39,26,29,21,33,49,35,39,35,39,48,34,20,48,43,47,50,31,44,49,47,29,21,47,45,22,43,34,43,35,43,41,43,29,35,31,27,43,31,47,36,20,41,34,42,25,30,41,21,38,20,31,38,22,41,43
44,41,26,34,32,34,41,34,41,26,27,21,44,26,29,32,29,45,34,23,22,35,29,38,21,44,42,40,27,40,46,41,42,50,50,47,30,34,26,36,38,35,46,21,28,41,43,23,34,32,35,29,38,32,47,44,30,50,31,37,50,21,27,35,26,41,23,33,47,29,41,20,31,41,40,44,21,42,29,49
46,47,47,26,35,36,38,48,44,40,22,35,22,37,36,27,23,43,33,45,49,24,21,31,34,46,41,37,23,28,43,25,27,29,50,42,49,41,45,32,31,26,35,48,26,25,20,33,39,49,22,37,39,24,38,25,45,27,29,27,31,44,41,36,44,22,38,24,38,49,40,46,46,37,38,34,39,42,27,40
33,22,42,23,27,34,27,25,36,20,42,45,29,33,38,38,30,46,44,48,34,48,38,33,49,30,46,23,20,38,31,35,43,28,50,33,40,47,27,45,49,46,27,23,23,33,31,22,25,44,22,48,34,23,42,47,35,44,28,30,28,42,39,46,50,32,28,30,30,38,25,25,37,35,25,41,38,41,32,44
42,41,22,31,33,41,20,39,30,31,44,28,50,24,43,40,40,32,28,47,23,41,22,44,43,25,20,20,26,48,40,42,41,36,39,30,35,22,20,36,44,39,23,32,29,44,49,24,28,48,44,41,48,27,43,26,21,35,30,32,29,43,31,34,49,23,31,31,25,42,38,50,36,40,48,42,38,34,29,36
23,29,39,25,26,47,45,43,20,50,39,37,37,39,40,24,26,28,41,27,30,36,21,35,48,25,46,42,40,49,27,27,38,31,48,24,31,41,23,39,50,29,26,25,22,40,48,45,38,37,45,26,25,30,35,31,40,30,40,39,45,40,26,48,48,36,50,22,21,48,37,33,32,33,20,36,34,29,35,29
22,44,31,43,46,30,40,21,21,34,39,23,43,44,39,32,45,28,50,29,47,42,25,34,43,43,45,34,34,29,22,34,49,31,33,29,33,29,28,35,49,27,42,35,20,42,44,48,49,21,37,28,28,22,31,41,46,45,29,45,40,21,43,20,39,37,29,22,31,30,28,34,23,47,31,41,34,32,44,37
38,44,30,49,36,24,26,26,45,49,27,36,39,24,36,47,34,33,44,41,40,36,22,40,30,30,26,46,24,31,44,36,50,47,40,21,46,39,20,29,47,44,34,45,30,38,39,42,50,23,30,50,49,28,40,37,35,38,48,33,36,32,28,36,33,26,27,46,35,32,24,31,47,38,48,40,46,23,22,32

The processing power of each machine:
(where rows denote machines: 1 to 10 and columns denote speed level: 1 to 
5)
2,5,7,11,12
2,3,4,6,9
1,2,4,6,9
2,3,4,7,9
3,4,5,6,8
1,2,4,8,10
2,4,8,11,12
2,3,5,6,9
3,5,6,7,10
1,3,5,9,10

The distance between each location:
(where rows and columns denote locations: 0 to 22)
0,10,95,72,101,108,96,53,85,96,90,95,122,63,59,113,127,47,50,102,67,104,55
10,0,89,79,100,111,86,59,95,87,88,99,122,73,61,123,117,44,48,103,77,94,46
95,89,0,166,59,88,107,94,155,32,165,188,81,144,147,202,85,123,54,186,156,94,55
72,79,166,0,160,157,146,95,69,167,86,46,175,46,50,50,191,75,116,77,28,162,124
101,100,59,160,0,30,153,67,125,89,188,194,25,124,160,183,143,144,52,203,141,146,93
108,111,88,157,30,0,176,62,110,117,198,195,22,116,166,172,171,155,67,209,134,171,114
96,86,107,146,153,176,0,141,180,79,90,140,178,156,101,196,58,72,110,118,156,22,62
53,59,94,95,67,62,141,0,62,111,141,133,81,57,106,116,157,100,42,149,74,144,85
85,95,155,69,125,110,180,62,0,169,147,115,132,27,108,63,209,119,102,144,41,189,135
96,87,32,167,89,117,79,111,169,0,149,181,112,153,139,208,54,111,69,173,162,64,43
90,88,165,86,188,198,90,141,147,149,0,58,210,120,39,134,147,44,135,28,109,112,110
95,99,188,46,194,195,140,133,115,181,58,0,212,91,42,82,193,72,145,37,74,159,138
122,122,81,175,25,22,178,81,132,112,210,212,0,136,180,193,166,166,75,224,154,171,117
63,73,144,46,124,116,156,57,27,153,120,91,136,0,81,60,189,93,90,118,19,166,116
59,61,147,50,160,166,101,106,108,139,39,42,180,81,0,100,152,30,108,44,70,119,96
113,123,202,50,183,172,196,116,63,208,134,82,193,60,100,0,238,125,149,119,47,211,168
127,117,85,191,143,171,58,157,209,54,147,193,166,189,152,238,0,121,117,174,193,36,74
47,44,123,75,144,155,72,100,119,111,44,72,166,93,30,125,121,0,91,63,87,89,69
50,48,54,116,52,67,110,42,102,69,135,145,75,90,108,149,117,91,0,151,103,108,49
102,103,186,77,203,209,118,149,144,173,28,37,224,118,44,119,174,63,151,0,104,139,132
67,77,156,28,141,134,156,74,41,162,109,74,154,19,70,47,193,87,103,104,0,168,122
104,94,94,162,146,171,22,144,189,64,112,159,171,166,119,211,36,89,108,139,168,0,60
55,46,55,124,93,114,62,85,135,43,110,138,117,116,96,168,74,69,49,132,122,60,0

The weight of each order:
11,12,11,20,11,12,14,17,16,12,10,18,17,12,10,15,18,15,13,18,13,17,14,17,17,16,15,10,15,17,10,12,11,19,17,16,13,16,18,15,15,18,11,10,17,14,19,20,19,14,13,15,17,10,14,15,16,16,18,17,18,18,15,11,18,12,18,14,18,12,13,11,19,10,13,17,15,17,19,14

The earliness and tardiness  penalty factors:
(where row 1 and 2 denote unit earliness and tardiness  penalty cost of orders respectively.)
5,7,4,7,8,9,7,9,5,3,5,1,5,1,3,3,4,9,3,5,7,9,10,3,10,8,5,7,4,8,7,8,6,1,7,9,7,7,1,5,3,6,2,1,7,1,8,5,6,4,6,9,8,1,9,7,8,6,5,9,9,5,2,6,8,4,6,4,8,10,10,2,7,9,6,2,5,10,6,7
20,14,15,11,13,18,14,11,12,17,10,20,15,10,19,19,14,19,20,18,20,12,11,13,17,13,19,17,17,15,17,16,14,17,12,15,16,18,11,13,18,13,15,12,20,11,18,13,11,13,13,20,13,16,12,11,11,11,20,19,13,17,15,16,10,11,14,18,10,11,15,18,13,18,14,16,11,14,12,10

The delivery time window of orders:
772,904,500,567,856,518,718,575,863,474,512,519,544,868,801,510,664,507,536,664,655,642,811,763,715,484,606,817,826,629,728,829,491,876,862,847,930,888,719,786,916,715,517,479,555,767,870,749,854,641,868,674,824,797,834,712,711,941,702,719,594,736,648,584,519,741,830,753,513,921,916,814,687,805,831,504,914,541,834,637
1338,1164,958,1026,1136,1271,1152,1136,1057,1209,1282,1153,1100,1365,1280,1255,954,1020,1293,1247,1407,1227,1220,1104,1102,1344,1369,1089,945,1116,954,1213,1399,1219,1074,986,1078,1159,975,981,1238,1255,1366,1083,1010,1266,1106,1321,1312,1317,1353,1039,1242,1169,1082,941,1286,1346,1081,1398,1309,1147,1406,1294,1363,1215,1343,1328,1357,1030,1276,1233,966,1395,1278,1061,1068,1023,1036,1070

the loading and unloading time of each order:
3,3,3,5,3,3,4,4,4,3,3,5,4,3,3,4,5,4,3,5,3,4,4,4,4,4,4,3,4,4,3,3,3,5,4,4,3,4,5,4,4,5,3,3,4,4,5,5,5,4,3,4,4,3,4,4,4,4,5,4,5,5,4,3,5,3,5,4,5,3,3,3,5,3,3,4,4,4,5,4

The optional processing speed set of each order:
(where rows denote orders: 1 to 80)
4
1,3,4,5
1,2
4
1,2
1,2,3,4,5
1,4,5
1,3,4
1,2,3
1,2,3,4,5
5
2
1,5
1,2,3,5
4,5
1,4
2
1,2,3,5
3
4,5
1,2,3
1,2,3,5
4,5
1,3,5
1,2
2,3,4,5
1,2,3,4,5
1,2,3,4,5
1,4,5
1,2
1,2,3,5
1,2,3,4,5
1,3,4,5
1,3
1,2,3,5
1,2,3,4,5
1,2,3,4,5
2
1,2
2,3
1,3,4,5
1,2,4
1,2,4,5
3,5
2,3
1,3,5
1,3,4,5
3,5
3
2,3,4
1,2,4
1,2,3,4
1,3
1,2,4
1,3
4
1,3,4
2,3,4,5
2,3,4,5
5
1,2,3,4
1,2,3,4
1
1,2,3,4,5
1
5
1,2,3,4
1,2
1,2,4
1,3,4,5
1,2,3,4,5
2,3,5
1,2,3,4,5
2,4
1,2,3
1,2,3,4,5
1,3,4
4
4,5
4,5

The customer order set:
(where rows denote customers: 1 to 22)
3,13,25
42,68,48,36,27,7
12,5,77,21,38,47,45,55
57
80
22,50,2
15,46
37,43,34,75,24,49,51,58,6
14,69,66
17,41
29,59
64,61
1,53,32,72,39,4
40,71,63
31
30,56,74,60,23
76
18,73,16
9
28,20,10,54
26,78,79,62,52,35,70,19,8,67,65
11,33,44

