The number of jobs:
40
The number of machines:
5
The number of vehicles:
2
The number of customers:
12

The processing time of each order processed on different machines:
(where rows denote machines: 1 to 5 and columns denote orders: 1 to 
40)
29,35,20,36,32,37,40,22,45,22,23,50,38,30,50,33,28,46,38,20,46,20,44,20,36,32,28,36,33,48,21,31,26,25,26,23,30,39,26,33
29,47,46,22,32,48,22,48,47,29,20,50,38,28,37,36,28,36,46,50,46,21,27,50,33,28,37,47,32,34,20,50,47,34,20,38,33,41,40,23
32,20,25,43,24,33,31,29,33,50,41,50,24,20,42,25,31,28,32,45,26,24,45,41,27,39,21,42,50,42,49,44,27,20,36,50,39,28,38,48
37,30,33,42,27,25,24,42,40,21,41,20,45,37,47,24,36,32,32,26,35,42,33,48,34,33,35,34,40,34,35,39,42,34,44,36,50,40,36,44
32,20,46,47,48,38,26,28,23,22,42,27,44,29,45,46,40,47,38,21,42,44,28,32,49,31,21,43,25,48,36,42,48,48,31,38,38,29,31,28

The processing power of each machine:
(where rows denote machines: 1 to 5 and columns denote speed level: 1 to 
5)
1,3,4,7,9
2,6,8,11,12
2,3,7,9,10
1,2,4,5,8
1,3,5,8,10

The distance between each location:
(where rows and columns denote locations: 0 to 12)
0,127,85,52,48,69,89,56,88,57,71,76,101
127,0,145,78,98,195,185,85,111,181,197,203,192
85,145,0,107,119,103,172,121,38,86,103,116,184
52,78,107,0,23,121,111,16,90,109,123,127,120
48,98,119,23,0,113,88,13,108,103,114,117,97
69,195,103,121,113,0,100,123,128,17,2,13,110
89,185,172,111,88,100,0,100,178,105,101,92,12
56,85,121,16,13,123,100,0,105,113,125,128,108
88,111,38,90,108,128,178,105,0,111,129,141,189
57,181,86,109,103,17,105,113,111,0,18,30,116
71,197,103,123,114,2,101,125,129,18,0,14,112
76,203,116,127,117,13,92,128,141,30,14,0,103
101,192,184,120,97,110,12,108,189,116,112,103,0

The weight of each order:
15,13,19,10,14,14,15,12,19,20,19,15,20,12,16,15,12,13,13,16,15,14,20,20,20,16,14,10,10,16,11,20,13,19,10,19,19,12,15,12

The earliness and tardiness  penalty factors:
(where row 1 and 2 denote unit earliness and tardiness  penalty cost of orders respectively.)
9,8,2,4,1,1,5,1,9,7,9,2,5,5,3,2,6,6,8,8,6,4,4,10,7,4,9,8,10,7,4,6,9,1,6,9,2,4,3,6
18,10,20,13,16,13,11,10,11,12,11,18,18,15,19,11,11,16,18,19,19,13,17,11,17,13,20,14,16,17,13,11,19,13,19,15,11,14,10,11

The delivery time window of orders:
539,347,365,398,515,513,468,458,432,654,608,586,388,336,388,476,375,595,572,360,355,337,484,372,580,545,600,495,658,461,497,454,415,434,600,439,494,652,333,416
963,806,838,742,840,806,883,876,852,898,721,679,992,952,911,933,942,956,890,797,981,927,889,970,805,826,813,666,975,922,982,834,947,876,715,850,976,990,798,978

the loading and unloading time of each order:
4,3,5,3,4,4,4,3,5,5,5,4,5,3,4,4,3,3,3,4,4,4,5,5,5,4,4,3,3,4,3,5,3,5,3,5,5,3,4,3

The optional processing speed set of each order:
(where rows denote orders: 1 to 40)
2
1,2,3,4,5
1,2,4
1
1,2,3,4,5
1
4,5
1,2,4,5
1
1,2,3,5
1,5
5
1,2,3,4,5
1,2,4,5
3,4
1,2,3,4,5
1,3,4
1,5
1,2,3,4
2
1,2,3,4,5
1,5
1,3,4
1,4,5
1,2,3,4,5
2,4,5
2,4,5
3,4
5
4,5
1,2,3
1,2
2
3,4
1,2,4,5
4
1,2,3,4,5
1,2,3,4,5
1,2,4,5
1,3

The customer order set:
(where rows denote customers: 1 to 12)
30,39,6,29,10
21
2,34,36,20,28,26,11
3,35,15,37,12,16,23,27
33
25,32
17
22
40
9,5
31,4,7,38,18,19
13,24,1,8,14

