The number of jobs:
60
The number of machines:
8
The number of vehicles:
5
The number of customers:
15

The processing time of each order processed on different machines:
(where rows denote machines: 1 to 8 and columns denote orders: 1 to 
60)
25,32,34,41,27,45,32,37,24,33,37,35,46,43,48,35,35,31,40,28,31,35,39,35,35,42,35,48,24,47,47,39,47,42,50,31,44,31,45,44,20,27,50,40,27,23,42,40,30,26,36,37,29,21,39,41,25,36,50,29
23,27,33,27,27,44,45,38,24,35,25,35,42,29,45,40,41,50,21,30,24,30,21,27,38,39,49,37,28,20,42,24,46,22,37,21,42,29,50,46,22,38,31,26,34,29,38,35,47,28,41,49,29,29,40,49,23,47,41,48
32,23,24,35,41,31,46,30,24,48,50,24,50,23,40,36,20,47,23,30,29,24,48,29,43,21,23,25,49,26,38,45,38,31,48,46,44,34,49,35,20,29,48,27,28,38,30,34,36,24,43,41,47,45,33,24,39,47,43,47
50,27,50,24,48,29,47,22,45,29,39,34,47,46,21,43,34,24,42,21,49,38,38,22,32,44,46,30,44,47,46,41,31,27,43,27,20,29,47,48,34,38,30,39,38,20,20,37,26,33,45,46,34,28,34,21,20,32,45,28
33,28,50,29,45,22,47,27,27,41,37,26,48,24,30,46,30,34,39,31,43,48,50,46,48,22,45,26,48,33,37,25,31,41,48,25,48,39,32,24,49,42,42,46,41,22,27,21,22,44,21,39,43,42,22,48,21,35,47,38
31,33,46,22,24,47,40,27,44,42,36,22,22,35,23,46,42,49,36,47,47,37,33,31,50,35,35,46,39,50,24,20,39,26,32,48,28,43,31,23,25,28,28,49,35,50,27,48,28,42,41,24,39,25,31,28,27,50,48,43
40,50,22,25,44,31,22,32,21,46,29,38,28,29,37,26,40,38,44,21,23,38,37,31,43,38,26,50,30,39,42,39,40,38,30,21,47,40,49,24,24,31,50,25,33,44,33,40,50,23,46,21,30,41,22,47,34,42,41,20
20,29,49,49,39,37,40,48,22,32,25,38,47,41,33,29,30,25,25,26,32,49,27,35,24,33,46,20,23,48,29,50,34,48,47,33,43,33,26,47,31,48,35,20,31,40,31,26,35,46,33,31,40,35,37,22,49,36,43,24

The processing power of each machine:
(where rows denote machines: 1 to 8 and columns denote speed level: 1 to 
5)
1,3,4,5,6
1,3,6,7,8
3,5,7,9,10
1,2,6,9,10
3,5,8,10,11
2,4,6,7,9
2,6,8,12,15
1,2,3,8,9

The distance between each location:
(where rows and columns denote locations: 0 to 15)
0,120,103,93,31,105,36,63,103,58,59,27,77,72,29,134
120,0,223,213,151,190,152,182,147,178,179,94,96,176,138,183
103,223,0,21,73,121,78,42,149,48,45,130,166,71,94,174
93,213,21,0,64,100,64,40,153,36,39,120,150,77,79,154
31,151,73,64,0,103,26,32,105,30,28,58,103,50,35,143
105,190,121,100,103,0,77,113,205,91,105,115,97,149,76,55
36,152,78,64,26,77,0,47,129,31,40,59,88,75,16,117
63,182,42,40,32,113,47,0,114,22,8,90,133,40,61,160
103,147,149,153,105,205,129,114,0,128,117,107,167,77,130,236
58,178,48,36,30,91,31,22,128,0,14,84,119,60,46,139
59,179,45,39,28,105,40,8,117,14,0,86,127,46,55,153
27,94,130,120,58,115,59,90,107,84,86,0,61,94,47,134
77,96,166,150,103,97,88,133,167,119,127,61,0,149,73,89
72,176,71,77,50,149,75,40,77,60,46,94,149,0,85,193
29,138,94,79,35,76,16,61,130,46,55,47,73,85,0,110
134,183,174,154,143,55,117,160,236,139,153,134,89,193,110,0

The weight of each order:
18,12,15,11,18,12,14,12,12,10,10,11,14,11,15,14,12,12,19,10,20,11,20,16,20,11,15,16,10,17,19,16,15,19,18,11,20,11,20,15,12,20,12,12,17,16,15,17,12,15,15,12,17,13,17,14,20,14,18,16

The earliness and tardiness  penalty factors:
(where row 1 and 2 denote unit earliness and tardiness  penalty cost of orders respectively.)
1,7,6,2,10,2,8,8,2,8,5,2,2,4,1,1,10,4,4,3,2,5,10,6,9,3,2,6,1,1,3,7,7,7,9,3,3,5,8,2,7,6,3,3,9,4,4,6,6,2,8,10,9,9,2,3,1,4,8,9
20,15,11,13,10,10,14,10,11,15,17,16,12,15,20,19,15,17,14,15,19,17,15,10,13,14,13,14,12,11,14,19,18,14,12,10,19,17,20,18,17,11,18,11,13,10,13,18,18,18,17,19,11,14,17,14,17,11,20,20

The delivery time window of orders:
581,474,457,589,685,477,504,547,598,458,475,451,630,454,634,625,386,407,451,653,435,368,617,433,664,709,506,442,379,508,469,466,566,583,367,599,500,575,456,481,581,531,555,614,479,597,700,465,369,505,474,525,656,419,445,359,585,595,468,684
854,802,918,774,1003,950,847,869,720,869,1012,820,1032,845,856,947,811,1041,830,711,730,755,943,775,1051,738,793,749,1056,808,1021,985,738,892,921,891,1036,719,751,761,941,929,743,905,819,797,1020,785,733,944,982,830,820,862,1049,1038,752,828,864,959

the loading and unloading time of each order:
5,3,4,3,5,3,4,3,3,3,3,3,4,3,4,4,3,3,5,3,5,3,5,4,5,3,4,4,3,4,5,4,4,5,5,3,5,3,5,4,3,5,3,3,4,4,4,4,3,4,4,3,4,3,4,4,5,4,5,4

The optional processing speed set of each order:
(where rows denote orders: 1 to 60)
1,2,3,4,5
1,3,4,5
1
2,3
1,2,3,4,5
1,2,3,4,5
3,5
3
3
2,4
2,3
5
1,3,4,5
2,4,5
1,2,3,4
1,2,3,4,5
1,2,3,4,5
1,2,3,4,5
1,3,5
1,3,4,5
1,2,3,4
2,3,5
1,2,4
1,2,5
2,5
1,2,3,4,5
1,2,3,4,5
3
2,3,4,5
1,2,3,4,5
1,5
2
3
1,3,5
1,2,4
1,3
1,2,3,4,5
1,2,3,4,5
2,3,5
2,4,5
1,4,5
1,2,5
3
1,3,4,5
1,2,3,4,5
1,2,3,4,5
3
2,5
5
1,3,5
5
3,4,5
1,2
1,2
1
1,4
4,5
1,5
1,2,3,4
1

The customer order set:
(where rows denote customers: 1 to 15)
31
18
53
57,47,49,55,33,20,44,56,19,25,52
10,24
38,40,32,48
59,23,12,16,45,51
54,30,11
13
21,50,4,15,42,8,43,2,41,29,7
5,6,22
9,1
37,36,60,35,46,27,14,39,3,58
26,28
17,34

