The number of jobs:
60
The number of machines:
7
The number of vehicles:
6
The number of customers:
15

The processing time of each order processed on different machines:
(where rows denote machines: 1 to 7 and columns denote orders: 1 to 
60)
40,49,48,32,44,36,49,42,48,44,37,23,36,35,26,26,39,43,23,41,21,42,27,20,39,36,20,46,31,28,44,35,43,34,21,36,22,31,25,24,34,40,27,26,41,38,44,31,20,23,22,43,44,35,30,42,23,31,45,49
32,36,20,20,41,25,40,42,27,29,28,32,22,31,45,24,24,44,45,46,40,45,44,27,34,36,30,30,38,48,24,39,47,36,43,34,37,30,21,44,42,44,46,50,28,20,23,31,20,43,31,35,48,33,29,22,48,44,26,41
26,41,20,45,45,45,43,44,32,47,46,38,29,37,42,32,25,36,48,37,49,27,29,21,22,24,40,30,22,49,29,47,29,44,22,32,43,31,33,25,50,32,27,46,50,32,34,47,45,37,42,44,30,47,47,35,26,38,32,44
34,34,22,29,20,32,40,26,25,41,50,40,39,46,43,30,44,32,48,46,32,32,24,21,36,22,45,24,31,28,30,38,30,26,35,30,46,39,50,31,45,24,24,43,39,44,45,25,25,27,33,47,43,31,42,30,23,28,29,45
35,36,35,25,40,36,25,21,24,49,37,38,35,30,50,40,23,42,47,50,45,43,24,21,36,43,23,30,42,37,26,37,31,47,23,22,49,38,32,50,46,40,45,28,23,29,31,25,49,34,49,48,48,40,47,42,32,24,35,30
37,42,34,50,44,26,29,26,46,44,26,29,47,30,48,45,46,36,29,45,20,43,31,38,35,23,21,34,49,44,38,46,50,23,30,44,38,37,43,29,29,47,49,35,24,20,24,31,24,48,50,26,22,50,26,30,38,36,24,39
22,39,35,31,36,29,24,40,20,39,24,50,23,46,40,24,46,43,29,23,29,32,25,43,24,49,38,48,21,21,31,31,40,38,38,31,36,34,46,29,36,49,48,40,21,24,50,30,32,41,34,36,21,43,25,38,27,35,22,47

The processing power of each machine:
(where rows denote machines: 1 to 7 and columns denote speed level: 1 to 
5)
4,6,9,11,13
3,5,6,9,10
1,2,3,6,9
2,6,9,11,14
2,3,4,6,8
3,4,5,7,10
2,5,7,9,12

The distance between each location:
(where rows and columns denote locations: 0 to 15)
0,45,49,95,82,71,88,93,26,83,71,18,43,69,70,106
45,0,81,64,124,96,132,137,53,121,112,50,71,43,105,120
49,81,0,102,92,110,89,89,28,105,37,33,85,116,24,62
95,64,102,0,176,158,180,183,84,178,140,88,132,99,123,105
82,124,92,176,0,60,17,26,95,24,73,89,62,130,92,151
71,96,110,158,60,0,77,86,96,40,111,88,28,83,122,172
88,132,89,180,17,77,0,9,96,41,63,92,75,142,84,144
93,137,89,183,26,86,9,0,99,50,60,95,83,149,82,142
26,53,28,84,95,96,96,99,0,102,60,9,69,89,51,79
83,121,105,178,24,40,41,50,102,0,92,95,51,118,109,167
71,112,37,140,73,111,63,60,60,92,0,62,92,140,22,82
18,50,33,88,89,88,92,95,9,95,62,0,60,83,56,88
43,71,85,132,62,28,75,83,69,51,92,60,0,68,100,146
69,43,116,99,130,83,142,149,89,118,140,83,68,0,138,162
70,105,24,123,92,122,84,82,51,109,22,56,100,138,0,60
106,120,62,105,151,172,144,142,79,167,82,88,146,162,60,0

The weight of each order:
17,18,11,11,14,17,15,17,13,18,12,13,11,17,18,15,17,20,17,12,11,16,16,16,11,20,13,14,17,17,13,11,10,19,13,20,16,18,15,11,11,19,18,12,12,19,10,13,16,20,16,15,15,13,15,11,20,10,20,17

The earliness and tardiness  penalty factors:
(where row 1 and 2 denote unit earliness and tardiness  penalty cost of orders respectively.)
6,7,10,4,10,8,10,3,7,9,10,5,1,8,10,6,9,3,10,4,2,2,2,10,2,4,8,4,5,1,2,7,4,9,8,10,6,5,4,2,5,3,8,4,10,5,5,3,6,5,7,6,7,10,8,1,8,1,3,8
19,12,11,18,17,18,13,15,16,18,19,17,10,13,13,12,18,17,14,11,17,20,13,18,10,17,20,10,14,19,15,20,17,12,15,12,12,20,12,10,13,17,10,15,16,11,20,17,14,17,14,11,16,19,14,18,12,19,15,17

The delivery time window of orders:
480,659,625,749,451,644,603,611,417,488,620,545,597,682,468,622,600,636,554,687,430,511,760,719,723,491,593,588,470,528,637,493,683,441,609,749,415,599,720,484,494,648,449,515,476,686,553,533,634,662,741,505,531,734,661,751,523,617,570,394
849,882,847,981,953,906,851,917,793,772,852,1033,939,1152,1157,801,963,1151,992,908,909,940,925,1062,879,1097,1073,991,1111,817,1103,1125,862,1141,795,992,938,1021,1080,1093,1081,791,855,836,900,1041,937,1004,1143,944,871,930,1093,970,1130,1025,837,934,815,801

the loading and unloading time of each order:
4,5,3,3,4,4,4,4,3,5,3,3,3,4,5,4,4,5,4,3,3,4,4,4,3,5,3,4,4,4,3,3,3,5,3,5,4,5,4,3,3,5,5,3,3,5,3,3,4,5,4,4,4,3,4,3,5,3,5,4

The optional processing speed set of each order:
(where rows denote orders: 1 to 60)
1,3
1,2,3,4,5
4,5
3,5
4,5
1,2,3,4,5
1,2,3,4,5
1,3,4,5
1,3
1,2,3,4,5
1,2,4,5
1,2,3,4
3
1,4
1,2,3,4,5
2,3,5
3,4
1,2,3,4,5
2,4,5
1,2,3,4,5
1,2,3,4,5
4,5
1,2,3
2,3,4
1,2,3,4,5
1,3,5
1,2,3,4,5
2,3
1,2,3,4,5
1,2,3,4,5
1,2,3
1,2,3,4,5
1,2,3
4,5
2
1,2,3,4,5
4
2,3,4,5
2,4
1,2,3,4,5
2,3,4,5
1,2,3,5
1
3
2,3,4
4,5
3,5
4,5
1,3
1,2,3,4
3,4,5
2,3,5
1,3,4,5
1,2,3,4
4,5
1,2,3,4,5
1,2,4
2,3,4,5
1,2,3,4,5
1

The customer order set:
(where rows denote customers: 1 to 15)
40,18,57
27
12
44,39,48,3,24,2,23,52,7,5,58,28,15
30,47,17,33,37,54,8,45,22
50
34,9,11
10,16,56,41,13,53,14,19,26
60,49
38
46
20
59,55,21,42
43,32,31,51,6,29,25,36
35,4,1

