The number of jobs:
60
The number of machines:
7
The number of vehicles:
5
The number of customers:
14

The processing time of each order processed on different machines:
(where rows denote machines: 1 to 7 and columns denote orders: 1 to 
60)
30,27,44,30,42,39,36,28,34,50,50,40,48,50,46,21,44,50,26,23,24,31,41,47,46,29,41,45,38,29,41,40,27,28,45,31,31,26,29,41,32,38,44,50,26,45,41,46,50,39,49,33,43,50,24,24,44,42,26,26
37,20,35,27,23,48,37,23,40,27,50,38,36,48,24,36,37,29,29,43,27,32,48,36,23,36,47,32,31,24,47,22,44,46,36,32,35,31,50,28,36,33,25,36,26,39,43,24,21,25,21,25,37,40,27,49,24,38,21,31
35,20,20,22,30,26,30,29,44,49,31,46,26,22,40,21,40,39,40,37,26,44,22,25,37,28,29,28,30,26,29,26,31,38,39,26,25,46,43,29,22,22,40,34,44,42,27,46,31,37,28,28,33,46,40,22,50,44,29,27
48,37,22,48,40,34,35,44,42,39,47,39,29,25,31,32,37,39,41,32,48,37,38,50,50,37,43,27,35,22,24,46,46,50,30,31,29,50,24,50,23,26,40,28,30,32,37,23,23,22,25,25,39,20,34,35,30,32,25,20
42,36,28,32,25,27,43,45,34,28,43,42,22,50,21,44,50,32,29,38,24,25,34,30,34,21,20,22,42,44,26,48,47,38,41,45,43,37,32,21,21,29,42,29,30,37,25,38,21,44,31,27,37,39,29,34,38,46,25,35
36,45,48,20,26,28,40,49,45,38,30,32,38,30,32,20,40,48,50,27,47,41,22,21,47,49,49,23,42,50,31,35,29,23,45,43,38,37,28,21,33,37,40,33,32,21,24,44,24,48,38,47,21,34,23,47,49,45,30,28
21,47,50,31,40,20,27,42,48,37,46,48,27,21,42,21,37,21,47,36,42,24,28,27,44,47,34,38,33,34,24,29,38,45,48,38,47,28,33,34,35,36,50,46,24,27,34,23,26,34,43,41,23,31,33,27,38,47,36,48

The processing power of each machine:
(where rows denote machines: 1 to 7 and columns denote speed level: 1 to 
5)
1,2,3,7,10
1,2,6,8,9
1,2,4,5,9
4,5,6,9,10
2,4,5,8,9
3,4,6,7,9
2,3,6,7,9

The distance between each location:
(where rows and columns denote locations: 0 to 14)
0,57,21,78,27,21,92,45,90,94,28,95,66,65,65
57,0,37,111,41,67,88,54,84,148,67,48,104,94,90
21,37,0,92,13,37,92,35,79,115,42,74,73,67,75
78,111,92,0,103,57,63,123,168,70,50,158,132,138,23
27,41,13,103,0,47,105,21,66,120,53,69,64,56,87
21,67,37,57,47,0,78,65,111,81,9,110,81,83,45
92,88,92,63,105,78,0,126,168,131,70,133,158,157,46
45,54,35,123,21,65,126,0,45,132,73,66,53,41,108
90,84,79,168,66,111,168,45,0,172,118,68,70,53,153
94,148,115,70,120,81,131,132,172,0,82,188,112,125,85
28,67,42,50,53,9,70,73,118,82,0,112,91,92,37
95,48,74,158,69,110,133,66,68,188,112,0,118,103,137
66,104,73,132,64,81,158,53,70,112,91,118,0,17,126
65,94,67,138,56,83,157,41,53,125,92,103,17,0,129
65,90,75,23,87,45,46,108,153,85,37,137,126,129,0

The weight of each order:
19,12,20,12,15,10,12,15,19,20,14,19,10,13,19,19,16,12,16,20,16,20,16,11,17,15,11,20,18,15,18,20,17,15,11,12,20,19,17,12,12,15,17,17,20,18,13,10,19,20,10,13,10,12,15,15,12,11,18,15

The earliness and tardiness  penalty factors:
(where row 1 and 2 denote unit earliness and tardiness  penalty cost of orders respectively.)
5,10,4,6,1,10,2,4,10,10,8,5,4,10,6,3,6,6,6,5,6,5,6,7,5,4,2,10,2,3,3,8,6,10,4,1,7,5,8,10,9,4,3,3,1,9,8,3,7,2,10,3,4,6,9,10,3,10,7,3
20,10,11,11,15,16,20,14,13,11,11,13,17,12,11,18,20,20,16,17,16,19,10,13,11,14,17,10,15,14,14,11,12,15,12,15,12,16,17,20,12,10,13,20,16,16,18,16,17,12,14,13,20,18,20,10,16,17,16,12

The delivery time window of orders:
541,715,362,532,575,535,689,442,476,378,564,666,629,534,530,459,564,648,545,719,604,514,560,447,478,662,638,698,683,690,668,713,530,698,719,420,691,498,690,372,632,423,427,411,645,397,644,438,495,402,361,691,498,450,531,478,470,427,535,539
826,1012,981,781,831,968,847,769,778,973,1067,1026,848,938,1031,1016,1029,892,970,786,777,1079,743,1078,798,1039,841,834,832,977,959,979,757,972,749,1041,970,877,957,1062,998,1038,843,832,903,905,930,829,806,978,997,1005,983,737,823,954,919,974,1062,865

the loading and unloading time of each order:
5,3,5,3,4,3,3,4,5,5,4,5,3,3,5,5,4,3,4,5,4,5,4,3,4,4,3,5,5,4,5,5,4,4,3,3,5,5,4,3,3,4,4,4,5,5,3,3,5,5,3,3,3,3,4,4,3,3,5,4

The optional processing speed set of each order:
(where rows denote orders: 1 to 60)
1
5
1,2,3,4,5
2,3,4
1,3,4,5
1,3
1,2,3,4,5
2,5
2,4,5
2
1,3,4,5
1,2,3,5
2
1,5
1,4,5
5
3
2,3,5
1,2,3
3,4,5
1,3,5
1,2,3,4,5
4
5
3
1,2,3,5
1,4,5
1,2,3,4
1,5
1,2
1,2,3,4,5
1,2,3,4,5
3
3,4
3
1,4
5
1,3,4,5
2,3,4
2,3,4
1,3,4,5
3,4
5
2
1,2,3,4,5
1,2,3,4,5
1,4
2,3,4,5
3,4,5
1,2,3,4,5
5
1,2,3,4,5
2,3,4
1,2,4
1,2,3,4
1,2,4,5
2,4,5
1
4
1

The customer order set:
(where rows denote customers: 1 to 14)
10
16,8,36,21
43,53,57,18,35,49
7,4,17,29,55,54,51,59,2,31,30,3
28
32,34,9,27,20,50,47,48,6
13,38,40,14
5,44,46
12,60,41
23,26,45,19,11
15,22,37
33
39,24
42,52,56,1,58,25

